epoch	 loss_V	 loss_E	 loss_x	 loss_y	 loss_z	 loss_xx	 loss_yy	 loss_zz	 loss_xy	 loss_yz	 loss_xz	 loss_atomic_charge	 loss_E_gap	 loss_bond_order	 loss_alpha	 loss_F	
0	7.621048976302723e-16	0.1509264906247457	0.0007166866756354769	0.0010608981635111074	0.00030143595358822495	0.192289799451828	0.29119592905044556	0.19337419668833414	0.005820498491326968	0.0023860683043797812	0.002797073529412349	0.012709820953508219	0.0035059760169436536	0.0008864308862636486	1252.9906412760417	0.004947979624072711	
1	2.8400806019577093e-13	0.15080234905083975	0.0007166152354329824	0.0010609122109599411	0.0003017349954461679	0.19243558247884116	0.2914087027311325	0.19351983070373535	0.005827461369335651	0.002386779524385929	0.0027981658155719438	0.012717290470997492	0.0017865158927937348	0.0008862918087591728	964.91455078125	0.004947631464650233	
2	2.783505302986211e-09	0.13607770204544067	0.0007116436997118095	0.0010716185594598453	0.00033396984508726746	0.20487315952777863	0.3099053104718526	0.20638571182886759	0.0065460205078125	0.0024618847916523614	0.002945500581214825	0.013637226074934006	0.04789782610411445	0.0008718238289778432	146.83923848470053	0.0049160318449139595	
3	1.9837748273706288e-07	0.02810992517819007	0.0008940944195880244	0.0017596269220424194	0.000960573631649216	0.31456340352694195	0.4797092278798421	0.33582062522570294	0.017094520075867575	0.005107369506731629	0.005727045858899753	0.026380316043893497	0.3562578360239665	0.0007811795997743806	188.78974405924478	0.004740592868377765	
4	1.3422948086372344e-07	0.026058672306438286	0.0007986038690432906	0.001528294465970248	0.0007256377042115977	0.25004743536313373	0.3893751601378123	0.2695725162823995	0.012468014378100634	0.004261573078110814	0.004766352629909913	0.024900519599517185	0.14721264938513437	0.0007732169469818473	51.74263127644857	0.004790786498536666	
5	2.761619886844831e-07	0.012456044865151247	0.0008707840849334995	0.001694903049307565	0.0008088568962800006	0.22432813048362732	0.3588096350431442	0.26243266959985095	0.013230817082027594	0.004736599046736956	0.005342134274542332	0.03181689605116844	0.09617889920870464	0.0007769946823827922	33.60863240559896	0.004804322806497415	
6	2.6070864578287e-07	0.0118033771092693	0.0007869488908909261	0.001513027857678632	0.0007046921042880664	0.16797655324141184	0.26681982477506	0.19227572778860727	0.012213741894811392	0.004711040528491139	0.0052439444698393345	0.03081243485212326	0.02935151569545269	0.0007620306181100508	54.04855092366537	0.0048527174318830175	
7	2.3142028264070783e-07	0.011236953549087048	0.0007662946397128204	0.0013231206879330177	0.0005058178697557499	0.12024471412102382	0.19900150100390115	0.15109448383251825	0.009140185235689083	0.003971033496782184	0.004453691343466441	0.029067421332001686	0.00671655898137639	0.0007931235401580731	268.3415018717448	0.004924787829319636	
8	3.1192453301779704e-07	0.008750874859591326	0.0007465950329788029	0.0012978011703429122	0.0004596713794550548	0.07534069071213405	0.1203900861243407	0.09816544006268184	0.009113641766210398	0.00456784781999886	0.004781794268637896	0.03143692699571451	0.0005159280359900246	0.0007919869579685231	556.4308573404948	0.004998919554054737	
9	2.3011617145130003e-07	0.006931441370397806	0.000722478706544886	0.001186362176667899	0.00033970172808039933	0.05560130129257838	0.09082390119632085	0.07737034310897191	0.007351004673788945	0.004200920462608337	0.004286149827142556	0.027507031336426735	0.0008741216346000632	0.0008094970835372806	791.0419311523438	0.005056341954817374	
10	3.1985842952053645e-07	0.006940249353647232	0.0007250306177108238	0.001212387268121044	0.00031650707630130154	0.03881621484955152	0.052152784541249275	0.05971444770693779	0.007737132875869672	0.005003156450887521	0.004749784090866645	0.030456334973375004	0.00046480109449476004	0.0008128748158924282	646.7329915364584	0.005117678393920262	
11	2.4717523198584484e-07	0.005918694970508416	0.0007149797068753591	0.0011760891842034955	0.00028773786713524413	0.039374747623999916	0.057050044337908425	0.058775157978137337	0.007109313892821471	0.004573661368340254	0.004393295695384343	0.02755132441719373	0.00036046639919125784	0.0008197210457486411	570.1836751302084	0.005114244607587655	
12	2.802243841415475e-07	0.005246373979995648	0.0007153620244935155	0.0011808047032294173	0.0002781802274209137	0.03701852820813656	0.0488524263103803	0.05517380560437838	0.007235716562718153	0.005044274652997653	0.004609680579354365	0.02866555191576481	0.0006631284680527946	0.0008169971212434272	436.1929524739583	0.0051347788733740645	
13	2.984066327371693e-07	0.005616929071644942	0.0007166838913690299	0.0011920736287720501	0.0002659040183061734	0.03512368972102801	0.04168333113193512	0.054404436300198235	0.007360157867272695	0.0053069864710172015	0.004735798419763644	0.029211929067969322	0.0015417531443138917	0.0008208702590006093	333.7149149576823	0.005152192742874225	
14	2.5712143762272416e-07	0.0051336220155159635	0.000711308850441128	0.0011726949402752023	0.0002509195959040274	0.03463339867691199	0.04380743205547333	0.05262800554434458	0.006977849329511325	0.005129421905924876	0.004548965642849605	0.02751968987286091	0.0023954125742117562	0.000824063589485983	283.7078450520833	0.005149446583042542	
15	2.9745503600982676e-07	0.0047353943809866905	0.0007147418121652057	0.0011906522364976506	0.0002437948617928972	0.03523709811270237	0.03900977844993273	0.05272761359810829	0.007264929047475259	0.005752701622744401	0.004859967778126399	0.028779155264298122	0.004030943692972262	0.0008226047890881697	220.2054697672526	0.005174655467271805	
16	2.8847563271483523e-07	0.004727847718944152	0.0007139690181550881	0.001198911340907216	0.0002360422998511543	0.03472106407086054	0.036935348684589066	0.052458085119724274	0.007279607622573773	0.005834336547801892	0.004875228429834048	0.028217558438579243	0.004942317803700765	0.00082676838307331	193.1824696858724	0.005184035748243332	
17	2.8144598710847884e-07	0.004370496608316898	0.000714801581731687	0.0011995566892437637	0.00022992671923323846	0.035075552140673004	0.037429491678873696	0.05149367079138756	0.007199526609232028	0.006019690229247014	0.004911911673843861	0.02766783970097701	0.005507375579327345	0.0008278376384017369	177.5155283610026	0.005192873378594716	
18	3.125805960735306e-07	0.004242890514433384	0.0007196620378332833	0.0012293498148210347	0.00023043628122347096	0.038312336429953575	0.03712675782541434	0.054620496928691864	0.007616475069274505	0.006590667335937421	0.00522706921522816	0.028401875868439674	0.006283440627157688	0.0008286813390441239	158.02818806966147	0.005216817216326793	
19	2.9610680485347984e-07	0.0041018519550561905	0.0007198489620350301	0.001233836655349781	0.00022880069445818663	0.03734456064800421	0.03645183518528938	0.05313346907496452	0.007543729152530432	0.006581217050552368	0.005187493283301592	0.027497023964921635	0.005903157405555248	0.0008319713718568286	160.58250935872397	0.005220143279681603	
20	3.1072071730401757e-07	0.003843731479719281	0.0007227177363044272	0.0012492975608135264	0.00023126865077453354	0.03954003689189752	0.03764017733434836	0.05468420684337616	0.00774849842612942	0.006910435389727354	0.0053684514326353865	0.02766980727513631	0.005828045308589935	0.0008321452769450843	157.53882853190103	0.0052325235058863955	
21	3.203862490863685e-07	0.0038072006621708474	0.0007246978445133815	0.0012595371808856726	0.00023318821088954186	0.0408361858377854	0.03817444108426571	0.05591510608792305	0.007888987505187591	0.0070843758682409925	0.005467259790748358	0.027829683075348537	0.005735450113813083	0.0008324725398172935	156.8913116455078	0.005238769420733054	
22	3.177804899223702e-07	0.0037744140718132257	0.0007247895700857043	0.0012607954946967463	0.00023360867150283107	0.04027470201253891	0.037697916850447655	0.055398849149545036	0.007877628163745007	0.007075305717686812	0.005462767401089271	0.027597031245628994	0.0054042343981564045	0.0008335876045748591	160.91817728678384	0.005238943578054507	
23	3.1523694588031503e-07	0.00372350433220466	0.0007251478964462876	0.001259364983222137	0.00023373262714206552	0.039604113747676216	0.03738668809334437	0.05468053122361501	0.007834447082132101	0.007066729012876749	0.005452117417007685	0.02736531135936578	0.005048196607579787	0.0008343941493270298	165.6311289469401	0.005238284512112538	
24	3.21912485408878e-07	0.003645047079771757	0.0007268361029370377	0.0012630179602031906	0.00023492918505022922	0.04006290932496389	0.03767551047106584	0.05508708332975706	0.007888183773805698	0.007176153051356475	0.00550937404235204	0.027419930944840114	0.004809098473439614	0.0008345562382601202	167.90882364908853	0.005240921551982562	
25	3.2829944037378783e-07	0.0036103757253537574	0.0007280520803760737	0.0012671399551133315	0.0002362367716462662	0.04036483851571878	0.037707854683200516	0.05547237520416578	0.007947287987917662	0.00726388410354654	0.00556099849442641	0.02746390861769517	0.004566365387290716	0.0008349259927247962	170.41288248697916	0.005242968599001567	
