epoch	 loss_proj	
0	0.009850375587120652	
1	0.009020694997161627	
2	0.008152848109602928	
3	0.006804908276535571	
4	0.005352421663701534	
5	0.004287109069991857	
6	0.003444949456024915	
7	0.002981571073178202	
8	0.0026256844867020845	
9	0.002321708423551172	
10	0.002068694564513862	
11	0.0018385580333415419	
12	0.0016155324701685458	
13	0.001397552085109055	
14	0.0012277462519705296	
15	0.001096152889658697	
16	0.0009718508954392746	
17	0.0008806120604276657	
18	0.000809844714240171	
19	0.0007526796980528161	
20	0.0007019958284217864	
21	0.0006550859834533185	
22	0.0006159026670502499	
23	0.0005797534977318719	
24	0.0005471520489663817	
25	0.0005156372571946122	
26	0.00048819554649526253	
27	0.0004622249034582637	
28	0.0004493968008318916	
29	0.0005089468249934725	
30	0.00047002391511341557	
31	0.0004409514003782533	
32	0.0004110850022698287	
33	0.0003721454013430048	
34	0.00035581289921537973	
35	0.00033943810922210105	
36	0.00031937245876179077	
37	0.00030333366885315627	
38	0.0002931122471636627	
39	0.0002829714649124071	
40	0.0002720354859775398	
41	0.00026265923588653095	
42	0.00025436675787204877	
43	0.0002471086700097658	
44	0.0002406022213108372	
45	0.0002341339823033195	
46	0.00022793394964537583	
47	0.0002226584001618903	
48	0.00021768451006209943	
49	0.00021387806373240892	
50	0.00021519260553759523	
51	0.00022107655240688473	
52	0.00020493374904617667	
53	0.00020273479276511353	
54	0.00019813945800706279	
55	0.0001944933901540935	
56	0.0001943027091328986	
57	0.0001891157644422492	
58	0.00018811277914210223	
59	0.00018462553816789296	
60	0.00018312219981453381	
61	0.00017993998335441574	
62	0.00017926067084772512	
63	0.00018935191837954335	
64	0.00019791573504335247	
65	0.00018525850100559182	
66	0.00017441081217839383	
67	0.00017357271826767828	
68	0.0001701758064882597	
69	0.00017022173778968863	
70	0.00016870468607521616	
71	0.00016713373952370603	
72	0.00016605555720161647	
73	0.00016404722555307671	
74	0.0001636026117921574	
75	0.00016277872600767296	
76	0.00016131263328134082	
77	0.00016072002836153843	
78	0.00016001100448193029	
79	0.0001593431479705032	
80	0.00015864379929553252	
81	0.00016028608479246031	
82	0.00017638492863625288	
83	0.0001784031501301797	
84	0.00017267861403524876	
85	0.000168359161762055	
86	0.0001715078888082644	
87	0.0001607382837391924	
88	0.00015700272706453688	
89	0.00015674869246140588	
90	0.00015394278852909338	
91	0.00015290755800378975	
92	0.0001521614412922645	
93	0.00015099159827514086	
94	0.00015034671196190175	
95	0.00014960369117034134	
96	0.00014887395991536323	
97	0.00014819940588495228	
98	0.0001473129650548799	
99	0.00014717180238221772	
100	0.00014684998313896358	
101	0.00014545919293595944	
102	0.0001448829334549373	
103	0.0001435233098163735	
104	0.00014341410314955283	
105	0.00014262376316764858	
106	0.00014295651089923922	
107	0.00014212393762136344	
108	0.0001423774392605992	
109	0.00014141273823042866	
110	0.00014141940118861385	
111	0.00014062290028959978	
112	0.00014040205314813647	
113	0.00013992778440297116	
114	0.00013949854655948002	
115	0.00013922498510510195	
116	0.00013880395817977842	
117	0.0001384142251481535	
118	0.00013815043166687246	
119	0.0001377717599098105	
120	0.00013740570830123033	
121	0.00013712876898352988	
122	0.0001368258108414011	
123	0.00013650181426783092	
124	0.00013617629701911937	
125	0.00013593672701972537	
126	0.00013584746739070397	
127	0.00013612011571240146	
128	0.00013726835095440038	
129	0.000139459962156252	
130	0.00013893456889491063	
131	0.00013464409857988358	
132	0.00013405246500042267	
133	0.00013343477985472418	
134	0.00013245885747892316	
135	0.00013356717136048246	
136	0.00013498389671440236	
137	0.00013427261546894442	
138	0.00013217412379162852	
139	0.00013107865197525825	
140	0.00013068853695585858	
141	0.0001303378685406642	
142	0.0001300323747273069	
143	0.00013006790686631575	
144	0.0001328871694568079	
145	0.0001484400054323487	
146	0.0001413956306350883	
147	0.00013792718891636468	
148	0.0001320709052379243	
149	0.00012878043708042242	
150	0.00012836861787945963	
151	0.00012888304445368703	
152	0.00012780260294675827	
153	0.00012808920109819155	
154	0.00012653961130126845	
155	0.00012681592488661408	
156	0.00012597510794876143	
157	0.00012585840340761933	
158	0.0001256290724995779	
159	0.00012510940177890006	
160	0.00012515520029410254	
161	0.00012462995800888166	
162	0.00012453144881874323	
163	0.00012437855184543878	
164	0.00012400580544635886	
165	0.00012386304388201097	
166	0.0001238270979229128	
167	0.00012351290934020653	
168	0.00012325775878707645	
169	0.0001232113072546781	
170	0.00012326452178967884	
171	0.00012331023754086345	
172	0.00012376241829770152	
173	0.00012496703766373685	
174	0.0001263571612071246	
175	0.00012491497363953386	
176	0.00012176599102531327	
177	0.00012286105811654124	
178	0.00012645070091821253	
179	0.00012250934287294513	
180	0.00012076770781277446	
181	0.00012262344534974545	
182	0.00012216508002893534	
183	0.00011987641209998401	
184	0.00011984545926679857	
185	0.0001204272566610598	
186	0.00011969463139394065	
187	0.00011863084364449605	
188	0.00011891051690327004	
189	0.00012018856796203181	
190	0.00012397400132613257	
191	0.00013054908049525693	
192	0.00012193845486763166	
193	0.00012269525177543983	
194	0.00011939471824007342	
195	0.00012014630283374572	
196	0.00011756030198739609	
197	0.00011798917330452241	
198	0.00011800437096098904	
199	0.00011643968809949001	
200	0.00011673099743347848	
201	0.00011644017376966076	
202	0.00011507419731060509	
203	0.00011468111551948823	
204	0.00011446754979260731	
205	0.00011408615409891354	
206	0.00011385829384380486	
207	0.00011375124540791148	
208	0.00011365446243871702	
209	0.00011340892706357408	
210	0.00011339910906826844	
211	0.00011325563536956906	
212	0.00011304357849439839	
213	0.00011287418055871967	
214	0.00011272538722550962	
215	0.0001125954377130256	
216	0.00011244624238315737	
217	0.00011237676972086774	
218	0.00011219539464946138	
219	0.00011214855658181477	
220	0.00011199658183613792	
221	0.00011195736715308158	
222	0.00011183534752490232	
223	0.00011180812180100475	
224	0.00011171000551257748	
225	0.00011167975935677532	
226	0.00011161943348270142	
227	0.00011157740209455369	
228	0.00011155270021845354	
229	0.00011151029411848867	
230	0.00011149646161356941	
231	0.00011146693850605516	
232	0.00011144534164486686	
233	0.00011141907270939555	
234	0.00011137656383652939	
235	0.00011131299379485426	
236	0.00011120973249489907	
237	0.00011104980512754992	
238	0.00011082877699664095	
239	0.00011054885544581339	
240	0.00011023536717402749	
241	0.00010992241823259974	
242	0.00010963648492179345	
243	0.00010939019921352156	
244	0.0001091785125026945	
245	0.00010899384869844653	
246	0.00010882622245844686	
247	0.00010866882166737923	
248	0.00010852222021640046	
249	0.00010838820890057832	
250	0.00010826850120793097	
251	0.00010816496160259703	
252	0.00010807679882418597	
253	0.00010800492873386247	
254	0.00010794556237669894	
255	0.00010789291263790801	
256	0.00010783983998408075	
257	0.00010778143860079581	
258	0.00010771004872367484	
259	0.00010762130114017054	
260	0.00010751323497970589	
261	0.00010738542277977103	
262	0.00010724586809374159	
263	0.0001071437845894252	
264	0.000107429316813068	
265	0.00011063973943237215	
266	0.00012384852925606538	
267	0.00011583175455598393	
268	0.00011396529043850023	
269	0.00010997264234902104	
270	0.0001071314209184493	
271	0.00010807828584802337	
272	0.00010732303599070292	
273	0.00010670240681065479	
274	0.00010719011606852291	
275	0.0001054717449733289	
276	0.00010588684108370217	
277	0.0001055194525179104	
278	0.0001048668827934307	
279	0.00010548607406235533	
280	0.00010498760821064934	
281	0.00010475927047082223	
282	0.00010498231949895853	
283	0.00010478954482096015	
284	0.00010473774455022067	
285	0.0001045597509801155	
286	0.00010447838485561078	
287	0.00010453732375026448	
288	0.00010446599753777264	
289	0.00010419100271974457	
290	0.00010419339650979964	
291	0.00010427506276755594	
292	0.00010425045184092596	
293	0.00010401784675195813	
294	0.00010408499019831652	
295	0.00010409174683445599	
296	0.00010414359439891996	
297	0.00010395105982752284	
298	0.00010406378896732349	
299	0.0001038681884892867	
300	0.00010318816293874988	
301	0.00010238968297926476	
302	0.00010241701784252655	
303	0.00010221526918030577	
304	0.00010165548701479565	
305	0.00010156822372664465	
306	0.00010124241998710204	
307	0.00010128053054359043	
308	0.00010122807543666568	
309	0.00010117948386323405	
310	0.00010113099324371433	
311	0.00010100547933689086	
312	0.00010088521412399132	
313	0.0001007534146992839	
314	0.00010069445215776796	
315	0.00010062082128570182	
316	0.00010057564486487536	
317	0.00010050526634586276	
318	0.00010046309762401506	
319	0.00010036697494797409	
320	0.00010033679700427456	
321	0.00010023923823609948	
322	0.00010021805428550579	
323	0.00010012246730184415	
324	0.00010011011545429938	
325	0.00010001556074712425	
326	0.00010001378268498229	
327	9.991985098167788e-05	
328	9.992665945901535e-05	
329	9.983786731027067e-05	
330	9.984375083149644e-05	
331	9.976543060474796e-05	
332	9.976189812732628e-05	
333	9.970283917937195e-05	
334	9.968092308554333e-05	
335	9.964280252461322e-05	
336	9.960666920960648e-05	
337	9.958224472939037e-05	
338	9.954058805305976e-05	
339	9.95143909676699e-05	
340	9.947982925950782e-05	
341	9.945173314918065e-05	
342	9.943332042894326e-05	
343	9.94181009446038e-05	
344	9.942645465343958e-05	
345	9.945416059053969e-05	
346	9.949670948117273e-05	
347	9.951457104762085e-05	
348	9.941431744664442e-05	
349	9.914877591654658e-05	
350	9.882896483759396e-05	
351	9.862919705483364e-05	
352	9.860903992375825e-05	
353	9.875859814201249e-05	
354	9.920513002725784e-05	
355	0.00010051923345599789	
356	0.0001033326825563563	
357	0.00010320434012101032	
358	9.915190275933128e-05	
359	0.00010094333993038163	
360	9.868824781733565e-05	
361	9.94212305158726e-05	
362	9.864551157079404e-05	
363	9.85346841844148e-05	
364	9.802987096918514e-05	
365	9.845140357356286e-05	
366	9.780515119928168e-05	
367	9.79483329501818e-05	
368	9.795112964638975e-05	
369	9.756550844031153e-05	
370	9.752663117978955e-05	
371	9.753833001013845e-05	
372	9.751948527991772e-05	
373	9.77200588749838e-05	
374	9.803797001950443e-05	
375	9.803122338780668e-05	
376	9.758015676197829e-05	
377	9.712241626402829e-05	
378	9.702406259748386e-05	
379	9.74094937191694e-05	
380	9.852170114754699e-05	
381	0.00010008825302065816	
382	9.963067077478627e-05	
383	9.699452584754908e-05	
384	9.773133751878049e-05	
385	9.913927351590246e-05	
386	9.671117913967464e-05	
387	9.669906194176292e-05	
388	9.7348135568609e-05	
389	9.639846848585876e-05	
390	9.64195205597207e-05	
391	9.692448929854436e-05	
392	9.64517921602237e-05	
393	9.591969137545675e-05	
394	9.61893956628046e-05	
395	9.64818027568981e-05	
396	9.60916713665938e-05	
397	9.595246956450865e-05	
398	9.613595739210723e-05	
399	9.619515731174033e-05	
400	9.566102107783081e-05	
401	9.498773670202354e-05	
402	9.500476699031424e-05	
403	9.477885851083556e-05	
404	9.461724675929872e-05	
405	9.471069279243238e-05	
406	9.460039200348547e-05	
407	9.459090415475657e-05	
408	9.461821628065081e-05	
409	9.443836552236462e-05	
410	9.453163238504203e-05	
411	9.430839327251306e-05	
412	9.440888879908016e-05	
413	9.419992511539022e-05	
414	9.427482382307062e-05	
415	9.409917856828542e-05	
416	9.41335865718429e-05	
417	9.402522482560016e-05	
418	9.401178976986557e-05	
419	9.397560461366083e-05	
420	9.392894935444929e-05	
421	9.392247829964617e-05	
422	9.388450780534185e-05	
423	9.385083467350341e-05	
424	9.385701923747547e-05	
425	9.379464972880669e-05	
426	9.38114326345385e-05	
427	9.376640082336962e-05	
428	9.376394518767484e-05	
429	9.373373632115545e-05	
430	9.37477198021952e-05	
431	9.369494364364073e-05	
432	9.37318109208718e-05	
433	9.368057271785801e-05	
434	9.37148824959877e-05	
435	9.366251651954371e-05	
436	9.371275518788025e-05	
437	9.36541455303086e-05	
438	9.370083989779232e-05	
439	9.364811467094114e-05	
440	9.369671079184627e-05	
441	9.364682136947522e-05	
442	9.36810802159016e-05	
443	9.364218385599088e-05	
444	9.366623180540046e-05	
445	9.364089964947198e-05	
446	9.36476817514631e-05	
447	9.363349818158895e-05	
448	9.362904802401317e-05	
449	9.362970195070375e-05	
450	9.362754917674465e-05	
451	9.364172092318768e-05	
452	9.364587003801716e-05	
453	9.36518399612396e-05	
454	9.362758919451153e-05	
455	9.356348346045706e-05	
456	9.34532572500757e-05	
457	9.331037108495366e-05	
458	9.317660988017451e-05	
459	9.307033360528294e-05	
460	9.30211172089912e-05	
461	9.305017556471284e-05	
462	9.323551967099775e-05	
463	9.373164266435197e-05	
464	9.457770102017093e-05	
465	9.471175144426525e-05	
466	9.308278822572902e-05	
467	9.270835289498791e-05	
468	9.346427577838767e-05	
469	9.264469736081082e-05	
470	9.229187344317324e-05	
471	9.26405273276032e-05	
472	9.23977349884808e-05	
473	9.223970300809015e-05	
474	9.233513901563128e-05	
475	9.235045035893563e-05	
476	9.226894417224685e-05	
477	9.216358739649877e-05	
478	9.212550867232494e-05	
479	9.217587648890913e-05	
480	9.241750103683444e-05	
481	9.342169232695596e-05	
482	9.656869406171609e-05	
483	9.789440537133487e-05	
484	9.241521001968067e-05	
485	9.456320185563527e-05	
486	9.200128170050448e-05	
487	9.235875677404692e-05	
488	9.226042402588064e-05	
489	9.165347182715777e-05	
490	9.198324096360011e-05	
491	9.16153212529025e-05	
492	9.160212539427448e-05	
493	9.156537907983875e-05	
494	9.156646228802856e-05	
495	9.149564721155912e-05	
496	9.148392109636916e-05	
497	9.140009751718026e-05	
498	9.153885548585095e-05	
499	9.152375696430681e-05	
500	9.114138174481923e-05	
501	9.059694912139094e-05	
502	9.031848549057031e-05	
503	9.040181521413615e-05	
504	9.028191652760142e-05	
505	9.030085038830293e-05	
506	9.029469856614014e-05	
507	9.02248611964751e-05	
508	9.02320925888489e-05	
509	9.015593695949065e-05	
510	9.010834764922038e-05	
511	9.01060002433951e-05	
512	9.004935964185279e-05	
513	9.003972991195042e-05	
514	8.999729288916569e-05	
515	8.997444092528895e-05	
516	8.995206189865712e-05	
517	8.992213315650588e-05	
518	8.990016794996336e-05	
519	8.987442834040849e-05	
520	8.984357828012435e-05	
521	8.982094186649192e-05	
522	8.978538971859962e-05	
523	8.976724257081514e-05	
524	8.973465355666121e-05	
525	8.97170502867084e-05	
526	8.968788006313844e-05	
527	8.96682668098947e-05	
528	8.964346943685086e-05	
529	8.96203491720371e-05	
530	8.959932893048972e-05	
531	8.957488353189547e-05	
532	8.955538396548945e-05	
533	8.953320229920791e-05	
534	8.951276959123788e-05	
535	8.949341645347886e-05	
536	8.947391779656755e-05	
537	8.945559147832682e-05	
538	8.943899501900887e-05	
539	8.942074146034429e-05	
540	8.940645511756884e-05	
541	8.939073177316459e-05	
542	8.937771599448752e-05	
