epoch	 loss_proj	
0	0.006787109933793545	
1	0.006347501464188099	
2	0.0057467657141387464	
3	0.005232772324234247	
4	0.00481353523209691	
5	0.0046437387354671955	
6	0.004489278607070446	
7	0.004372464865446091	
8	0.004206720925867558	
9	0.0040653725154697895	
10	0.003957459749653935	
11	0.0038531964644789697	
12	0.003759392956271768	
13	0.003607821883633733	
14	0.0034486379008740187	
15	0.0032785463146865366	
16	0.00318446047604084	
17	0.0030779233667999504	
18	0.0029975872486829756	
19	0.0028956353198736906	
20	0.0028146049473434685	
21	0.0027578976470977066	
22	0.002684435993432999	
23	0.0025788044091314077	
24	0.0024442092515528204	
25	0.002363577065989375	
26	0.002388917561620474	
27	0.002395144198089838	
28	0.00224074712023139	
29	0.002169020101428032	
30	0.0021462647244334223	
31	0.00206488857511431	
32	0.0020477373618632555	
33	0.001976758847013116	
34	0.0018753305776044726	
35	0.0018531094072386622	
36	0.001784400548785925	
37	0.0017549076816067099	
38	0.0017388669541105628	
39	0.001694472786039114	
40	0.001676855213008821	
41	0.001652218191884458	
42	0.002427831059321761	
43	0.0023924307432025673	
44	0.0020338544622063638	
45	0.0020085425581783055	
46	0.0018250562716275454	
47	0.0017650984227657318	
48	0.0016547220293432474	
49	0.0016415739664807916	
50	0.0015781535999849438	
51	0.0015354357426986098	
52	0.0015076024224981665	
53	0.0014886073069646955	
54	0.0014719223603606225	
55	0.0014667328214272857	
56	0.0014603326097130775	
57	0.0014548016944900156	
58	0.0014571243431419135	
59	0.001454673847183585	
60	0.0014617198146879673	
61	0.0014633460901677608	
62	0.003144466318190098	
63	0.00451208958402276	
64	0.0042270894162356855	
65	0.004260084684938192	
66	0.003974471613764763	
67	0.0037608147133141754	
68	0.0035772670991718767	
69	0.003461893880739808	
70	0.003297354793176055	
71	0.0031560294330120085	
72	0.0030270200688391922	
73	0.0029103148728609083	
74	0.0027870308607816697	
75	0.0026401482988148927	
76	0.002534372452646494	
77	0.0024197380058467387	
78	0.00232571423985064	
79	0.0022280431352555753	
80	0.0021743458695709706	
81	0.0020914201624691485	
82	0.0020408962154760957	
83	0.001971450145356357	
84	0.0019143779994919897	
85	0.001860106410458684	
86	0.0018086918396875262	
87	0.001770102744922042	
88	0.0017352233408018947	
89	0.0017113341949880124	
90	0.0016885106218978763	
91	0.0016720685875043274	
92	0.0016593493288382887	
93	0.0016470360802486538	
94	0.0016182536724954843	
95	0.0015603552106767892	
96	0.001507273386232555	
97	0.0014768698485568166	
98	0.0014580880524590611	
99	0.0014410862466320395	
100	0.001428472506813705	
101	0.0014195586321875454	
102	0.0014124070759862662	
103	0.001402720925398171	
104	0.0013939784141257406	
105	0.0013842327753081918	
106	0.0013764393283054233	
107	0.0013683275785297156	
108	0.0013633156195282936	
109	0.001359182270243764	
110	0.0013576962519437075	
111	0.0013574539683759213	
112	0.0013576223282143474	
113	0.001356104202568531	
114	0.0013470017118379473	
115	0.001333412667736411	
116	0.0013160809641703964	
117	0.001304971589706838	
118	0.0012961900560185314	
119	0.0012928362470120192	
120	0.0012942841742187739	
121	0.00130062832031399	
122	0.0013115537352859975	
123	0.0013267681235447526	
124	0.0013388817431405186	
125	0.0013340129749849438	
126	0.0013138809241354465	
127	0.0012963152723386884	
128	0.0012806207174435257	
129	0.0012651768978685141	
130	0.001254659635014832	
131	0.001253687939606607	
132	0.0012556114699691534	
133	0.001263105496764183	
134	0.0012605757219716907	
135	0.0012382415123283863	
136	0.001248659915290773	
137	0.0012396611273288727	
138	0.0012389807496219873	
139	0.0012375576654449106	
140	0.0012371821096166969	
141	0.0012300071539357305	
142	0.001230706088244915	
143	0.001235472015105188	
144	0.0012391076656058432	
145	0.0012440358754247428	
146	0.0012545810546725988	
147	0.0012666105758398771	
148	0.001251171831972897	
149	0.0012140499660745264	
150	0.0011923611629754305	
151	0.0011884761275723576	
152	0.0011978326365351677	
153	0.001259321765974164	
154	0.0012347519863396884	
155	0.001246867678128183	
156	0.0014172023860737682	
157	0.0015770764090120792	
158	0.0015668662963435054	
159	0.0014909591525793075	
160	0.0014211020898073912	
161	0.0013067738153040409	
162	0.0012442138744518162	
163	0.0012114380486309528	
164	0.0011819979641586541	
165	0.0011784879490733147	
166	0.0011654525296762586	
167	0.0011479781474918126	
168	0.0011423743329942227	
169	0.0011414221953600645	
170	0.00113666623365134	
171	0.0011355348862707615	
172	0.001136603788472712	
173	0.0011380380485206843	
174	0.0011399388778954745	
175	0.0011461639311164617	
176	0.0011505474569275976	
177	0.001156042772345245	
178	0.0011605406645685435	
179	0.001163306343369186	
180	0.0011622616555541753	
181	0.0011520681902766228	
182	0.0011407035402953626	
183	0.0011275590630248189	
184	0.00112206288613379	
185	0.0011170273879542946	
186	0.0011168303433805704	
187	0.0011154290987178683	
188	0.0011156488209962845	
189	0.0011134337866678834	
190	0.001109686540439725	
191	0.0011031790869310497	
192	0.001095795538276434	
193	0.001089444919489324	
194	0.0010851790895685554	
195	0.0010831334395334125	
196	0.0010826703161001205	
197	0.0010829565580934286	
198	0.0010835666907951236	
199	0.0010837311507202684	
200	0.0010774359223432838	
201	0.0010682964348234236	
202	0.0010647743591107428	
203	0.0010642564506269992	
204	0.0010657252511009573	
205	0.0010683233384042978	
206	0.0010703502921387553	
207	0.0010708349873311818	
208	0.001070692331995815	
209	0.0010706920525990426	
210	0.0010716116288676859	
211	0.0010736279538832605	
212	0.0010771746980026363	
213	0.0010823606979101896	
214	0.001088561536744237	
215	0.001092784688808024	
216	0.0010894065140746533	
217	0.0010760967037640513	
218	0.001059927640017122	
219	0.0010488091385923326	
220	0.001044260594062507	
221	0.00104463443858549	
222	0.0010482845129445196	
223	0.001053120696451515	
224	0.0010569195495918394	
225	0.0010571419028565288	
226	0.0010526158730499446	
227	0.0010453647817485034	
228	0.0010387548245489597	
229	0.001034375315066427	
230	0.0010322362650185823	
231	0.0010316250729374588	
232	0.0010319037945009768	
233	0.0010324241360649467	
234	0.0010325648938305676	
235	0.0010318029322661459	
236	0.0010299287270754576	
237	0.0010271727456711232	
238	0.001024109381251037	
239	0.001021365518681705	
240	0.001019413396716118	
241	0.001018455030862242	
242	0.0010184019804000855	
243	0.0010190895525738596	
244	0.0010202291188761592	
245	0.0010216853814199566	
246	0.001023265637923032	
247	0.0010247950442135334	
248	0.0010261371033266186	
249	0.001026525697670877	
250	0.0010260865790769457	
251	0.0010239104158245027	
252	0.0010212778113782405	
253	0.0010176156531088055	
254	0.0010142129031009972	
255	0.0010109955444931984	
256	0.0010083989589475095	
257	0.0010081914835609496	
258	0.0010077292216010391	
259	0.001013285294175148	
260	0.0010174151742830873	
261	0.001026870822533965	
262	0.00104460270376876	
263	0.0010176546755246818	
264	0.001003346755169332	
265	0.0010014565661549569	
266	0.0010056550265289844	
267	0.0010158043005503714	
268	0.0010138868005014957	
269	0.0010024742572568358	
270	0.0009910742985084653	
271	0.0009758527157828212	
272	0.0009736425476148724	
273	0.000971116591244936	
274	0.000973209843505174	
275	0.0009764246875420213	
276	0.0009768693591468037	
277	0.000978918233886361	
278	0.0009773626690730453	
279	0.0009763758862391114	
280	0.0009736724197864533	
281	0.0009716651518829166	
282	0.000973468879237771	
283	0.000974300247617066	
284	0.0009852551622316242	
285	0.0009954740991815925	
286	0.0010043446323834359	
287	0.001026141969487071	
288	0.0009859502431936562	
289	0.0009727346943691373	
290	0.0009818303515203297	
291	0.0009735409170389175	
292	0.0009648535400629043	
293	0.000962552975397557	
294	0.0009546498418785632	
295	0.0009557309793308377	
296	0.0009509551920928061	
297	0.0009519319050014019	
298	0.0009520382853224873	
299	0.0009535673772916198	
300	0.0009543726919218898	
301	0.0009455389576032758	
302	0.000942059385124594	
303	0.0009383373078890144	
304	0.0009389200480654835	
305	0.0009389869519509375	
306	0.0009393224725499749	
307	0.0009386290214024485	
308	0.0009372600237838924	
309	0.0009359465446323156	
310	0.0009353835717774928	
311	0.0009345819242298603	
312	0.0009344432270154357	
313	0.0009337813477031887	
314	0.0009333152323961258	
315	0.000932306470349431	
316	0.0009316713782027364	
317	0.0009305555955506861	
318	0.0009300421923398971	
319	0.0009290176094509661	
320	0.0009286078158766032	
321	0.0009276668541133403	
322	0.0009271692717447877	
323	0.0009262581239454448	
324	0.0009256140096113086	
325	0.0009246978559531271	
326	0.0009239470819011331	
327	0.0009230620227754116	
328	0.0009222479071468115	
329	0.0009214362013153732	
330	0.0009205585229210556	
331	0.0009198556537739933	
332	0.0009188660304062068	
333	0.0009183356305584311	
334	0.0009171636891551315	
335	0.0009169371915049851	
336	0.0009154826635494828	
337	0.0009157623979263007	
338	0.0009138434426859022	
339	0.0009147965582087636	
340	0.0009121456183493138	
341	0.0009136920562013984	
342	0.0009102056850679219	
343	0.0009119068155996502	
344	0.0009080229210667312	
345	0.0009093279833905399	
346	0.0009059767588041722	
347	0.0009066403144970536	
348	0.0009046195424161852	
349	0.000904588308185339	
350	0.000903721631038934	
351	0.0009029709035530686	
352	0.0009022230049595236	
353	0.0009015436749905348	
354	0.0009003477520309388	
355	0.000899998564273119	
356	0.000898729357868433	
357	0.0008982165483757854	
358	0.0008972581941634417	
359	0.0008966850466094912	
360	0.0008957481477409601	
361	0.0008952460950240493	
362	0.0008943784399889409	
363	0.0008937777718529105	
364	0.0008929196977987885	
365	0.0008922535576857627	
366	0.0008913562167435884	
367	0.0008905913913622498	
368	0.0008896328392438591	
369	0.0008888045558705926	
370	0.0008878227439709008	
371	0.0008869501180015504	
372	0.0008859731839038432	
373	0.0008851104183122515	
374	0.0008842057548463344	
375	0.0008834496955387294	
376	0.0008827457553707063	
377	0.0008822984062135219	
378	0.0008821059484034777	
379	0.0008824105025269091	
380	0.0008832424995489418	
381	0.0008847235585562885	
382	0.0008866520947776735	
383	0.0008887850097380578	
384	0.0008905194234102964	
385	0.0008910374366678297	
386	0.0008891409495845437	
387	0.0008841712842695415	
388	0.0008769847336225212	
389	0.0008702765102498233	
390	0.0008658581878989935	
391	0.0008635551552288234	
392	0.0008627260220237076	
393	0.0008631827309727669	
394	0.0008648583898320794	
395	0.0008677179343067109	
396	0.0008715795003809035	
397	0.0008758923504501581	
398	0.0008800341049209238	
399	0.000883893738500774	
400	0.000877338636200875	
401	0.0008615891565568745	
402	0.0008580507826991379	
403	0.0008556538610719145	
404	0.0008538295747712255	
405	0.0008538865018635988	
406	0.0008524922654032707	
407	0.0008501801290549338	
408	0.0008488970808684826	
409	0.0008478369796648622	
410	0.0008474830538034439	
411	0.0008471699198707938	
412	0.0008466627914458513	
413	0.0008461291552521288	
414	0.0008456217357888818	
415	0.0008449461776763201	
416	0.0008443442755378782	
417	0.0008437319542281329	
418	0.0008432218222878873	
419	0.0008427418768405914	
420	0.0008423110935837031	
421	0.0008419192046858371	
422	0.0008416050462983548	
423	0.000841328373644501	
424	0.0008410922251641751	
425	0.0008408583584241569	
426	0.000840636040084064	
427	0.0008403903688304126	
428	0.000840111798606813	
429	0.0008397689671255648	
430	0.0008393667754717171	
431	0.0008389051770791411	
432	0.0008384354645386338	
433	0.0008380299666896462	
434	0.0008378651109524071	
435	0.0008382988977245987	
436	0.0008402738953009248	
437	0.0008460374898277223	
438	0.0008562299306504428	
439	0.0008498392533510923	
440	0.0008321782108396292	
441	0.0008314764592796565	
442	0.0008288109907880426	
443	0.000829752697609365	
444	0.0008287112694233655	
445	0.0008272657170891762	
446	0.0008290251949802041	
447	0.0008303052745759487	
448	0.0008310043136589229	
449	0.0008319285232573747	
450	0.0008326465729624033	
451	0.0008330561919137836	
452	0.0008316138759255409	
453	0.000828956684563309	
454	0.000826382462400943	
455	0.0008244530879892408	
456	0.0008231635321862996	
457	0.0008225049707107246	
458	0.0008226323639973998	
459	0.00082361203385517	
460	0.0008250826969742775	
461	0.0008262341725639999	
462	0.0008260998758487404	
463	0.0008251022780314087	
464	0.0008240532013587653	
465	0.0008231948129832744	
466	0.0008221762138418854	
467	0.0008211001055315137	
468	0.0008203223696909845	
469	0.0008201415650546551	
470	0.0008203410776332021	
471	0.0008207067498005926	
472	0.0008207371225580573	
473	0.000820287421811372	
474	0.0008191293105483055	
475	0.0008180838893167674	
476	0.0008181979181244969	
477	0.0008240380673669278	
478	0.0008396807825192809	
479	0.0008313996251672507	
480	0.000809945771470666	
481	0.0008136097574606537	
482	0.0008151844027452171	
483	0.0008158115553669632	
484	0.0008126706932671368	
485	0.0008248690399341285	
486	0.0008314429316669703	
487	0.0008286829106509686	
488	0.0008118765661492943	
489	0.0008116800338029862	
490	0.0008097427198663354	
491	0.0008057569852098822	
492	0.0008051056647673249	
493	0.0008038900094106793	
494	0.0008050822303630412	
495	0.000805822794791311	
496	0.0008053570170886814	
497	0.0008051758632063866	
498	0.0008048363146372139	
499	0.0008047190145589411	
500	0.0008031323552131653	
501	0.0008031893405131996	
502	0.0007976833265274763	
503	0.0007992402301169932	
504	0.0007958715548738837	
505	0.0007976988912560046	
506	0.0007944739540107548	
507	0.0007943477830849588	
508	0.0007919705007225275	
509	0.0007918308605439961	
510	0.0007915424532257021	
511	0.0007913080975413322	
512	0.0007915744208730757	
513	0.0007909327046945691	
514	0.0007908672210760415	
515	0.0007907737628556788	
516	0.0007908574538305402	
517	0.0007909409701824188	
518	0.0007911116234026849	
519	0.0007911100168712437	
520	0.0007911008549854159	
521	0.0007909651612862945	
522	0.0007906088721938431	
523	0.0007899961550720036	
524	0.0007892813766375184	
525	0.0007883327081799508	
526	0.0007874101400375366	
527	0.0007864910527132452	
528	0.0007857375079765916	
529	0.000785067118704319	
530	0.0007845448330044746	
531	0.0007841008016839623	
532	0.0007837562239728868	
533	0.000783470319584012	
534	0.0007832411793060601	
535	0.0007830640068277716	
536	0.0007829181849956512	
537	0.0007828183355741203	
538	0.0007827132940292358	
539	0.0007826418848708272	
540	0.0007824995205737651	
541	0.0007823725463822484	
542	0.000782080297358334	
543	0.0007818173035047948	
544	0.0007812783238478005	
545	0.0007808867259882391	
546	0.0007800922961905598	
547	0.0007797564612701535	
548	0.0007788274437189102	
549	0.0007789712632074952	
550	0.0007783071952871979	
551	0.000779916881583631	
552	0.0007810291950590909	
553	0.0007872518966905772	
554	0.0007964402437210083	
555	0.0008132423041388393	
556	0.0008155399234965443	
557	0.000793102232273668	
558	0.0007857093471102417	
559	0.0007737807929515839	
560	0.0007731040008366108	
561	0.0007732561905868351	
562	0.0007731687277555465	
563	0.0007735186489298939	
564	0.0007748995558358729	
565	0.0007763421512208879	
566	0.0007756719132885337	
567	0.000775885209441185	
568	0.0007746723713353276	
569	0.0007725186413154006	
570	0.0007712687598541379	
571	0.0007699494832195342	
572	0.000769029464572668	
573	0.0007685525808483363	
574	0.0007685332675464451	
575	0.0007690291851758957	
576	0.0007702514296397567	
577	0.0007717592525295913	
578	0.0007726716576144099	
579	0.000771772547159344	
580	0.000770117377396673	
581	0.0007684023468755186	
582	0.0007669819169677794	
583	0.000765736773610115	
584	0.0007647608057595789	
585	0.0007640824071131647	
586	0.0007639253279194235	
587	0.0007643966120667756	
588	0.000765564909670502	
589	0.0007668332080356776	
590	0.0007671379251405596	
591	0.0007661816896870732	
592	0.0007649089326150716	
593	0.0007638668990693987	
594	0.0007629605126567185	
595	0.0007621546392329037	
596	0.0007611900917254388	
597	0.0007607553503476083	
598	0.0007606624392792582	
599	0.0007618280244059861	
600	0.0007637255126610399	
601	0.0007660089526325464	
602	0.0007587322383187711	
603	0.0007592145702801645	
604	0.0007587375235743821	
605	0.00075877740746364	
606	0.0007579310797154904	
607	0.0007586095249280334	
608	0.0007566564599983394	
609	0.0007557819713838399	
610	0.0007545895990915596	
611	0.0007532754098065197	
612	0.0007520437822677196	
613	0.0007513558724895119	
614	0.0007503157597966492	
615	0.0007503563887439668	
616	0.0007497819256968796	
617	0.0007498835911974311	
618	0.0007496331352740526	
619	0.0007497730432078243	
620	0.0007497379439882935	
621	0.0007500299834646285	
622	0.0007501698564738035	
623	0.0007504929206334054	
624	0.0007506258436478675	
625	0.0007507450180128216	
626	0.000750533863902092	
627	0.0007501638494431973	
628	0.0007494124816730619	
629	0.0007485448732040823	
630	0.0007475374499335885	
631	0.0007466283161193133	
632	0.0007458086707629264	
633	0.0007451719138771296	
634	0.0007446605712175369	
635	0.0007442716043442488	
636	0.0007439910899847746	
637	0.0007437492720782756	
638	0.0007436348590999841	
639	0.0007434767903760076	
640	0.0007435169885866344	
641	0.0007433774415403604	
642	0.0007435798179358244	
643	0.0007433454855345189	
644	0.0007437524618580937	
645	0.000743245449848473	
646	0.0007440621382556855	
647	0.0007431735401041805	
648	0.0007452261401340365	
649	0.0007444671238772572	
650	0.0007506289053708315	
651	0.000752988294698298	
652	0.0007701843045651912	
653	0.0007717282976955175	
654	0.0007600540993735194	
655	0.0007470726035535335	
656	0.0007440178887918591	
657	0.0007374155218712985	
658	0.000740413914900273	
659	0.0007385254604741931	
660	0.0007380504626780749	
661	0.0007397919311188161	
662	0.0007426185300573706	
663	0.0007436834159307182	
664	0.0007428428158164025	
665	0.0007371626794338227	
666	0.0007335373782552778	
667	0.0007336161681450904	
668	0.000733468437101692	
669	0.0007329095155000686	
670	0.0007326175225898623	
671	0.0007325487909838557	
672	0.000732572516426444	
673	0.0007335803587920964	
674	0.0007356669404543937	
675	0.0007368547609075904	
676	0.0007361630909144878	
677	0.0007354273344390094	
678	0.0007350623258389532	
679	0.0007350617670454085	
680	0.0007342568249441683	
681	0.0007331541739404202	
682	0.0007318693911656738	
683	0.0007312373956665397	
684	0.0007307511870749295	
685	0.0007309068227186799	
686	0.0007311602355912327	
687	0.0007319586467929185	
688	0.0007327595143578946	
689	0.0007337487302720546	
690	0.000734122353605926	
691	0.0007340264390222728	
692	0.0007329328800551593	
693	0.0007317028008401394	
694	0.0007296120747923851	
695	0.0007285461877472698	
696	0.0007268148707225919	
697	0.0007276308839209378	
698	0.0007277840632013977	
699	0.0007327952771447599	
700	0.0007372616440989077	
701	0.0007321412907913327	
702	0.0007260075537487865	
703	0.0007219773251563311	
704	0.0007202862994745374	
705	0.0007200202206149697	
706	0.0007192427990958094	
707	0.000718465493991971	
708	0.000718068378046155	
709	0.0007176411687396467	
710	0.0007174633792601526	
711	0.00071738853584975	
712	0.0007169818971306085	
713	0.0007168807438574732	
714	0.0007164757116697729	
715	0.000716352486051619	
716	0.0007161106914281845	
717	0.0007160259992815554	
718	0.0007158154970966279	
719	0.0007156538311392068	
720	0.0007154942373745144	
721	0.0007153319893404841	
722	0.0007151168305426836	
723	0.0007149394717998802	
724	0.0007147030206397176	
725	0.0007144652190618217	
726	0.0007141763460822403	
727	0.0007138888351619244	
728	0.0007135486812330782	
729	0.000713220878969878	
730	0.0007128629600629211	
731	0.0007125217234715819	
732	0.0007121687172912061	
733	0.0007118422305211425	
734	0.0007115085260011256	
735	0.0007112054736353457	
736	0.0007109009427949786	
737	0.0007106216507963836	
738	0.0007103427429683507	
739	0.0007100823917426169	
740	0.0007098179194144905	
741	0.0007095645531080663	
742	0.0007093047606758773	
743	0.0007090489729307592	
744	0.0007087849662639201	
745	0.000708518538158387	
746	0.000708248803857714	
747	0.0007079779868945479	
748	0.0007077171234413981	
749	0.0007074653287418187	
750	0.0007072475738823414	
751	0.0007070550927892327	
752	0.0007069118553772568	
753	0.000706781935878098	
754	0.0007066679885610938	
755	0.0007064971490763128	
756	0.0007062888005748391	
757	0.0007060064119286836	
758	0.0007057231618091464	
759	0.0007054276298731566	
760	0.000705173471942544	
761	0.0007049611886031926	
762	0.00070478655397892	
763	0.000704829697497189	
764	0.000704953575041145	
765	0.0007058909861370922	
766	0.0007073606248013675	
767	0.0007113186758942903	
768	0.000718362326733768	
769	0.0007279083132743835	
770	0.0007266544038429856	
771	0.0007069340324960649	
772	0.0007080731331370771	
773	0.0007008493877947331	
774	0.0007007422507740557	
775	0.0006997146061621607	
776	0.0006990788038820029	
777	0.0006992568029090762	
778	0.0006992849754169584	
779	0.0006998309982009232	
780	0.0007022697478532791	
781	0.0007033812697045505	
782	0.0007016603951342404	
783	0.0006995586794801056	
784	0.0006984017556533218	
785	0.0006976244156248867	
786	0.0006974359508603811	
787	0.0006969987414777278	
788	0.0006969591835513711	
789	0.0006967514986172318	
790	0.0006968928617425262	
791	0.0006969964597374201	
792	0.0006975622731260955	
793	0.0006977265817113221	
794	0.0006971990456804633	
795	0.0006956240395084023	
796	0.0006941824220120906	
797	0.0006933065014891326	
798	0.0006927930633537471	
799	0.0006928700255230069	
800	0.0006929489085450768	
801	0.0006936600198969245	
802	0.0006905732210725546	
803	0.0006895281374454498	
804	0.0006890374119393527	
805	0.0006887696217745543	
806	0.0006888358620926738	
807	0.0006884815054945647	
808	0.0006880379747599364	
809	0.0006876366911455989	
810	0.0006873544421978295	
811	0.0006871994701214135	
812	0.000687007827218622	
813	0.0006867244374006987	
814	0.0006864787428639829	
815	0.000686182314530015	
816	0.0006859161658212543	
817	0.0006856423220597208	
818	0.000685438874643296	
819	0.0006851604557596147	
820	0.000684921385254711	
821	0.0006846689386293292	
822	0.0006844238960184157	
823	0.0006841505295597017	
824	0.0006839164765551686	
825	0.000683660281356424	
826	0.0006834201049059629	
827	0.0006831708131358027	
828	0.0006829387624748051	
829	0.0006826925557106734	
830	0.0006824620650149882	
831	0.0006822233903221786	
832	0.0006820023176260292	
833	0.0006817770306952297	
834	0.0006815698114223778	
835	0.000681364769116044	
836	0.0006811816128902137	
837	0.0006810068269260227	
838	0.0006808594102039933	
839	0.0006807315978221596	
840	0.0006806387682445347	
841	0.0006805766723118722	
842	0.0006805563345551491	
843	0.0006805615150369704	
844	0.0006805792567320168	
845	0.0006805695360526442	
846	0.0006805057870224118	
847	0.0006803601165302098	
848	0.0006801482872106135	
849	0.0006798835936933755	
850	0.0006796077475883066	
851	0.000679323438089341	
852	0.0006790627725422382	
853	0.0006788049009628594	
854	0.0006785860285162925	
855	0.0006783563294447958	
856	0.0006781886913813651	
857	0.0006779644289053976	
858	0.0006778587820008397	
859	0.0006775905843824148	
860	0.0006776059628464282	
861	0.000677290977910161	
862	0.0006777091650292278	
863	0.000677642272785306	
864	0.0006794406217522919	
865	0.0006811725907027721	
866	0.0006876004626974463	
867	0.0006958182551898062	
868	0.0007020796998403967	
869	0.0006888484698720276	
870	0.0006806356366723775	
871	0.0006800587521865964	
872	0.0006745374295860529	
873	0.0006755807902663946	
874	0.000674891343805939	
875	0.0006733900518156588	
876	0.0006736581679433584	
877	0.0006736558396369218	
878	0.0006729909568093717	
879	0.000673065020237118	
880	0.0006727131782099605	
881	0.0006721997866407037	
882	0.0006717487820424139	
883	0.0006715154391713441	
884	0.0006709295092150569	
885	0.0006707213819026947	
886	0.0006704784114845097	
887	0.0006707796477712691	
888	0.0006726892781443894	
889	0.0006821665330789984	
890	0.0007025694707408547	
891	0.0006802156334742903	
892	0.0006883446127176285	
893	0.0007252492825500668	
894	0.0006973094074055553	
895	0.000714487093500793	
896	0.0007458241889253259	
897	0.0007005863590165973	
898	0.0006929446361027658	
899	0.000680975872091949	
900	0.0006732057430781424	
901	0.0006677292520180344	
902	0.000669368077069521	
903	0.0006677744793705642	
904	0.000666606379672885	
905	0.000666836486198008	
906	0.0006655297358520329	
907	0.0006649168208241463	
908	0.000665038381703198	
909	0.000664809753652662	
910	0.0006645452114753426	
911	0.0006642311229370535	
912	0.000663869665004313	
913	0.0006637558457441628	
914	0.000663470837753266	
915	0.0006631870055571198	
916	0.0006629069452174008	
917	0.0006626549060456455	
918	0.000662430131342262	
919	0.0006621967419050634	
920	0.0006619066931307316	
921	0.0006616745842620731	
922	0.0006614190293475986	
923	0.0006611870019696652	
924	0.0006609285250306129	
925	0.0006606944021768868	
926	0.0006604468217119575	
927	0.0006602120585739613	
928	0.0006599718937650323	
929	0.0006597389932721853	
930	0.0006594999460503459	
931	0.0006592732504941523	
932	0.0006590392906218768	
933	0.0006588135031051934	
934	0.0006585840950720012	
935	0.000658361567184329	
936	0.0006581361405551434	
937	0.0006579152424819768	
938	0.0006576944841071963	
939	0.0006574774160981178	
940	0.0006572595681063831	
941	0.0006570452125743032	
942	0.0006568305776454509	
943	0.0006566192139871418	
944	0.0006564082694239914	
945	0.0006561995367519557	
946	0.000655991374514997	
947	0.0006557861343026161	
948	0.0006555811851285398	
949	0.0006553782965056598	
950	0.0006551767000928521	
951	0.0006549762561917305	
952	0.0006547771743498742	
953	0.000654580001719296	
954	0.0006543847150169313	
955	0.0006541909533552825	
956	0.000653998157940805	
957	0.0006538068410009146	
958	0.0006536178640089929	
959	0.0006534306332468987	
960	0.0006532456376589834	
961	0.0006530620972625911	
962	0.0006528813159093261	
963	0.0006527027580887079	
964	0.0006525269709527493	
965	0.0006523539894260466	
966	0.0006521847448311746	
967	0.0006520194001495838	
968	0.0006518584326840937	
969	0.0006517021218314766	
970	0.0006515518063679338	
971	0.000651408196426928	
972	0.0006512733758427203	
973	0.0006511462503112853	
974	0.000651031092274934	
975	0.0006509263766929507	
976	0.0006508378894068301	
977	0.0006507649784907698	
978	0.0006507128709927201	
979	0.0006506813457235694	
980	0.0006506766192615032	
981	0.0006507002864964307	
982	0.0006507546291686595	
983	0.0006508486228995025	
984	0.0006509709288366139	
985	0.0006511480431072413	
986	0.0006513321539387106	
987	0.0006515943445265293	
988	0.0006518030539155006	
989	0.0006521278875879944	
990	0.0006522613111883402	
991	0.0006526003242470324	
992	0.0006525177625007928	
993	0.0006528952973894775	
994	0.0006526079028844834	
995	0.0006535039865411818	
996	0.0006537165259942413	
997	0.0006571111385710538	
998	0.0006603537360206247	
999	0.000672661722637713	
1000	0.0006729200831614435	
1001	0.0006529591279104352	
1002	0.0006551308091729879	
1003	0.0006514979875646531	
1004	0.0006491382722742855	
1005	0.000650351622607559	
1006	0.0006510967388749123	
1007	0.0006516269408166408	
1008	0.0006536951172165572	
1009	0.0006547103286720813	
1010	0.0006559777888469398	
1011	0.000656980462372303	
1012	0.0006563356146216393	
1013	0.0006536229979246855	
1014	0.00064979667076841	
1015	0.0006469101295806468	
1016	0.000645351700950414	
1017	0.0006445461418479681	
1018	0.0006440580356866122	
1019	0.0006434987764805556	
1020	0.0006430745008401573	
1021	0.0006427284330129624	
1022	0.0006425024010241031	
1023	0.0006423537619411945	
1024	0.0006423096172511577	
1025	0.0006422585342079401	
1026	0.0006422106293030083	
1027	0.0006421213154681027	
1028	0.0006420364254154265	
1029	0.0006419388926587998	
1030	0.0006418503704480827	
1031	0.000641755061224103	
1032	0.0006416712887585164	
1033	0.0006415877840481698	
1034	0.0006415157695300877	
1035	0.0006414378411136567	
1036	0.0006413637311197817	
1037	0.0006412821938283741	
1038	0.0006412005983293057	
1039	0.0006411082460545004	
1040	0.0006410097586922348	
1041	0.0006408974295482039	
1042	0.0006407760200090706	
1043	0.0006406406871974468	
1044	0.0006404965766705573	
1045	0.000640338973607868	
1046	0.0006401767954230308	
1047	0.0006400061538442969	
1048	0.0006398323574103415	
1049	0.0006396562908776105	
1050	0.0006394808297045529	
1051	0.0006393063114956022	
1052	0.0006391375442035496	
1053	0.0006389709771610797	
1054	0.0006388106616213918	
1055	0.0006386555382050574	
1056	0.000638506154064089	
1057	0.0006383627187460661	
1058	0.0006382249062880874	
1059	0.0006380916689522565	
1060	0.0006379633792676032	
1061	0.0006378395366482437	
1062	0.0006377185694873333	
1063	0.0006376011762768031	
1064	0.0006374858436174691	
1065	0.0006373712909407914	
1066	0.0006372570875100792	
1067	0.0006371436291374266	
1068	0.0006370273535139859	
1069	0.0006369106005877257	
1070	0.0006367903668433427	
1071	0.0006366665591485798	
1072	0.0006365397130139172	
1073	0.0006364074652083218	
1074	0.0006362717016600072	
1075	0.0006361321662552655	
1076	0.000635987485293299	
1077	0.0006358402781188488	
1078	0.0006356886588037014	
1079	0.0006355371559038758	
1080	0.0006353819742798805	
1081	0.0006352276541292667	
1082	0.0006350719253532588	
1083	0.0006349185481667518	
1084	0.0006347648915834725	
1085	0.0006346150999888778	
1086	0.0006344647845253348	
1087	0.0006343204178847373	
1088	0.0006341754458844661	
1089	0.0006340375985018909	
1090	0.000633897923398763	
1091	0.0006337666767649352	
1092	0.0006336319958791137	
1093	0.0006335068610496819	
1094	0.0006333763129077851	
1095	0.0006332578021101653	
1096	0.0006331281503662467	
1097	0.000633016333449632	
1098	0.0006328848423436284	
1099	0.000632781267631799	
1100	0.0006319308769889176	
1101	0.0006316024227999151	
1102	0.00063168965280056	
1103	0.000631809001788497	
1104	0.0006315019447356463	
1105	0.000631011463701725	
1106	0.0006305597489699721	
1107	0.0006303781759925186	
1108	0.0006302868365310133	
1109	0.0006302810157649219	
1110	0.0006302639725618064	
1111	0.0006301942630670965	
1112	0.0006300976616330445	
1113	0.0006299661123193801	
1114	0.0006297997897490859	
1115	0.0006296614767052234	
1116	0.0006295296596363186	
1117	0.0006294126738794148	
1118	0.0006293067242950201	
1119	0.0006292049074545503	
1120	0.0006290951278060675	
1121	0.0006289861747063696	
1122	0.0006288698175922036	
1123	0.0006287536700256169	
1124	0.0006286375573836267	
1125	0.0006285215611569583	
1126	0.0006284060073085129	
1127	0.0006282922462560236	
1128	0.0006281772628426551	
1129	0.0006280647241510451	
1130	0.0006279504974372685	
1131	0.0006278369342908263	
1132	0.0006277232896536589	
1133	0.0006276100524701178	
1134	0.0006274963263422251	
1135	0.0006273825420066714	
1136	0.0006272686063311994	
1137	0.0006271549384109676	
1138	0.0006270415964536369	
1139	0.000626927160192281	
1140	0.0006268135039135814	
1141	0.0006266992189921438	
1142	0.0006265860982239246	
1143	0.000626472057774663	
1144	0.0006263584597036243	
1145	0.0006262448849156498	
1146	0.0006261318107135594	
1147	0.0006260187714360654	
1148	0.0006259056157432496	
1149	0.0006257932051084936	
1150	0.0006256810389459133	
1151	0.0006255694199353457	
1152	0.0006254583364352584	
1153	0.0006253485102206468	
1154	0.0006252393941394985	
1155	0.0006251313723623752	
1156	0.0006250250269658863	
1157	0.0006249199504964054	
1158	0.0006248170742765069	
1159	0.0006247167126275599	
1160	0.0006246187491342426	
1161	0.0006245239521376789	
1162	0.0006244327174499631	
1163	0.0006243462557904422	
1164	0.0006242630304768681	
1165	0.0006241864757612348	
1166	0.0006241134949959814	
1167	0.0006240485236048698	
1168	0.0006239873706363142	
1169	0.0006239348906092346	
1170	0.0006238848553039133	
1171	0.000623845390509814	
1172	0.0006238037138245999	
1173	0.0006237721536308527	
1174	0.0006237336434423924	
1175	0.0006237045279704034	
1176	0.0006236551329493522	
1177	0.0006236201734282076	
1178	0.0006235450506210327	
1179	0.0006235019769519568	
1180	0.0006233894382603467	
1181	0.0006233721040189266	
1182	0.0006232516723684966	
1183	0.0006234204745851457	
1184	0.0006235337583348155	
1185	0.0006245107972063125	
1186	0.0006260761641897261	
1187	0.0006300567998550832	
1188	0.0006376650533638894	
1189	0.0006436790572479367	
1190	0.0006397557444870472	
1191	0.0006298710475675761	
1192	0.0006247769575566054	
1193	0.000625138741452247	
1194	0.0006230616476386785	
1195	0.0006220002542249858	
1196	0.0006214285502210259	
1197	0.0006215467816218734	
1198	0.0006204275414347649	
1199	0.0006205669604241848	
1200	0.0006202354095876216	
1201	0.0006198817398399114	
1202	0.0006197000737302005	
1203	0.0006196567555889487	
1204	0.0006194087211042643	
1205	0.0006193952518515289	
1206	0.0006192890112288296	
1207	0.000619221432134509	
1208	0.000619110290426761	
1209	0.0006190356216393411	
1210	0.0006189227104187011	
1211	0.0006188120692968369	
1212	0.0006186940590851009	
1213	0.0006186355487443507	
1214	0.0006185262696817517	
1215	0.0006184476311318577	
1216	0.0006183363846503198	
1217	0.0006182535085827112	
1218	0.0006181500852108001	
1219	0.0006180618540383876	
1220	0.0006179627263918519	
1221	0.000617874355521053	
1222	0.0006177762406878173	
1223	0.000617690256331116	
1224	0.000617592060007155	
1225	0.0006175033515319229	
1226	0.000617407588288188	
1227	0.0006173178669996559	
1228	0.0006172232679091394	
1229	0.0006171334418468178	
1230	0.0006170401931740344	
1231	0.0006169495987705887	
1232	0.0006168560474179685	
1233	0.0006167663610540331	
1234	0.00061667300760746	
1235	0.0006165833445265889	
1236	0.0006164905847981572	
1237	0.0006164002581499517	
1238	0.0006163082667626441	
1239	0.0006162176956422627	
1240	0.0006161262630484998	
1241	0.0006160361808724701	
1242	0.0006159438285976649	
1243	0.000615853606723249	
1244	0.0006157622206956148	
1245	0.0006156718358397484	
1246	0.0006155807292088866	
1247	0.0006154904258437455	
1248	0.0006153994123451412	
1249	0.0006153092021122575	
1250	0.0006152181304059923	
1251	0.0006151276524178684	
1252	0.0006150373839773238	
1253	0.0006149465800262988	
1254	0.000614856428001076	
1255	0.0006147662526927889	
1256	0.0006146754720248282	
1257	0.0006145854131318629	
1258	0.0006144954590126872	
1259	0.0006144052371382713	
1260	0.0006143155973404646	
1261	0.0006142249214462936	
1262	0.0006141346413642168	
1263	0.0006140448618680239	
1264	0.0006139547447673976	
1265	0.0006138653261587024	
1266	0.0006137758959084749	
1267	0.0006136856391094625	
1268	0.0006135963369160891	
1269	0.0006135068135336042	
1270	0.0006134180934168398	
1271	0.0006133284419775009	
1272	0.0006132396636530757	
1273	0.000613150536082685	
1274	0.0006130620255135	
1275	0.0006129726534709334	
1276	0.000612884818110615	
1277	0.000612795923370868	
1278	0.0006127082742750645	
1279	0.0006126202759332954	
1280	0.0006125325802713632	
1281	0.0006124449311755598	
1282	0.0006123576080426574	
1283	0.0006122708553448319	
1284	0.0006121838581748307	
1285	0.0006120973033830523	
1286	0.0006120108417235314	
1287	0.000611925299745053	
1288	0.0006118386168964207	
1289	0.0006117532495409251	
1290	0.0006116668344475328	
1291	0.0006115817581303417	
1292	0.000611495494376868	
1293	0.0006114101852290332	
1294	0.0006113236187957228	
1295	0.0006112376693636179	
1296	0.000611151463817805	
1297	0.0006110654212534428	
1298	0.0006109778420068324	
1299	0.0006108926027081907	
1300	0.0006104982225224376	
1301	0.0006104480125941336	
1302	0.0006105074426159263	
1303	0.0006104241241700947	
1304	0.0006101959384977818	
1305	0.0006100140162743628	
1306	0.0006098223151639104	
1307	0.0006097346427850425	
1308	0.0006096792756579816	
1309	0.0006096520577557385	
1310	0.0006096224766224623	
1311	0.000609550962690264	
1312	0.0006094664451666177	
1313	0.0006093832314945757	
1314	0.0006092904834076763	
1315	0.0006092080497182905	
1316	0.000609127595089376	
1317	0.0006090536015108227	
1318	0.0006089791539125144	
1319	0.0006089084898121655	
1320	0.000608832819852978	
1321	0.0006087567773647607	
1322	0.0006086764042265713	
1323	0.0006085991160944104	
1324	0.0006085201282985508	
1325	0.000608443864621222	
1326	0.0006083673913963139	
1327	0.0006082911393605172	
1328	0.000608214398380369	
1329	0.0006081387982703745	
1330	0.0006080616265535354	
1331	0.0006079852930270136	
1332	0.0006079082726500928	
1333	0.0006078315665945411	
1334	0.0006077544065192341	
1335	0.0006076782359741628	
1336	0.0006076015532016754	
1337	0.0006075249868445099	
1338	0.0006074487348087132	
1339	0.0006073724594898522	
1340	0.0006072952644899487	
1341	0.0006072191754356027	
1342	0.0006071422132663429	
1343	0.0006070656585507095	
1344	0.0006069891736842692	
1345	0.0006069128634408116	
1346	0.000606835400685668	
1347	0.0006067590205930173	
1348	0.0006066819885745644	
1349	0.0006066056899726391	
1350	0.0006065286463126541	
1351	0.0006064524059183896	
1352	0.0006063755834475159	
1353	0.0006062982953153551	
1354	0.0006062211934477091	
1355	0.0006061439169570803	
1356	0.0006060672109015286	
1357	0.0006059892824850976	
1358	0.0006059118430130183	
1359	0.0006058340310119093	
1360	0.0006057562306523323	
1361	0.0006056783953681588	
1362	0.0006056003039702773	
1363	0.0006055211648344994	
1364	0.0006054431083612144	
1365	0.0006053633755072951	
1366	0.0006052846205420792	
1367	0.0006052048993296921	
1368	0.0006051253643818199	
1369	0.0006050450610928237	
1370	0.0006049649091437459	
1371	0.0006048836628906428	
1372	0.000604802614543587	
1373	0.000604721368290484	
1374	0.0006046400056220591	
1375	0.0006045577814802527	
1376	0.0006044766632840037	
1377	0.0006043953821063041	
1378	0.0006043154397048056	
1379	0.0006042355904355645	
1380	0.0006041577202267945	
1381	0.0006040819338522851	
1382	0.0006040096515789628	
1383	0.0006039418396539987	
1384	0.0006038800464011728	
1385	0.0006038250168785453	
1386	0.0006037814309820533	
1387	0.0006037471583113074	
1388	0.0006037310929968953	
1389	0.0006037268089130521	
1390	0.0006037487764842808	
1391	0.0006037822575308382	
1392	0.0006038503255695104	
1393	0.0006039178231731057	
1394	0.0006040262407623232	
1395	0.0006040922482497991	
1396	0.0006042014108970761	
1397	0.0006041752872988582	
1398	0.0006042142515070737	
1399	0.0006039810250513256	
1400	0.00060326176462695	
1401	0.000602577137760818	
1402	0.0006029742537066341	
1403	0.0006029680953361094	
1404	0.0006025408394634724	
1405	0.0006022672867402434	
1406	0.0006019438500516116	
1407	0.00060178367421031	
1408	0.0006018486921675504	
1409	0.0006018890184350312	
1410	0.0006018770975060761	
1411	0.0006017952226102352	
1412	0.0006016952102072537	
1413	0.0006015832419507206	
1414	0.0006015292950905859	
1415	0.0006014702143147588	
1416	0.0006014127982780337	
1417	0.0006013539852574468	
1418	0.0006012932630255818	
1419	0.0006012236233800649	
1420	0.0006011606426909565	
1421	0.0006010922370478511	
1422	0.0006010279757902026	
1423	0.0006009627832099795	
1424	0.0006009000120684504	
1425	0.000600835238583386	
1426	0.0006007732823491097	
1427	0.0006007085321471095	
1428	0.0006006459007039666	
1429	0.0006005804403685034	
1430	0.0006005180301144719	
1431	0.000600452593062073	
1432	0.0006003895890899002	
1433	0.0006003260030411183	
1434	0.0006002633599564433	
1435	0.0006001996342092752	
1436	0.0006001365138217807	
1437	0.0006000728229992091	
1438	0.0006000100052915514	
1439	0.0005999466287903487	
1440	0.0005998837412334978	
1441	0.0005998207489028573	
1442	0.000599758024327457	
1443	0.0005996944848448039	
1444	0.0005996323656290769	
1445	0.0005995693267323077	
1446	0.0005995065905153752	
1447	0.0005994438310153782	
1448	0.0005993810016661882	
1449	0.0005993186961859465	
1450	0.0005992565071210265	
1451	0.0005991940037347376	
1452	0.0005991321173496545	
1453	0.000599069450981915	
1454	0.0005990070872940123	
1455	0.0005989450961351395	
1456	0.000598883256316185	
1457	0.0005988214164972305	
1458	0.000598759192507714	
1459	0.0005986976553685963	
1460	0.0005986356758512556	
1461	0.0005985739990137517	
1462	0.0005985132302157581	
1463	0.0005984511459246278	
1464	0.0005983895971439779	
1465	0.0005983285140246153	
1466	0.0005982670467346906	
1467	0.0005982059403322638	
1468	0.0005981449270620942	
1469	0.000598083809018135	
1470	0.0005980229936540127	
1471	0.0005979622132144868	
1472	0.0005979013280011713	
1473	0.0005978411645628512	
1474	0.0005977802793495357	
1475	0.0005977205350063741	
1476	0.0005976594518870115	
1477	0.0005976005690172314	
1478	0.0005975392763502896	
1479	0.0005974807310849429	
1480	0.000597419508267194	
1481	0.0005973617313429713	
1482	0.0005972998216748238	
1483	0.0005972437444142997	
1484	0.0005971804610453546	
1485	0.0005971271079033613	
1486	0.0005970615427941083	
1487	0.0005970123689621687	
1488	0.0005969434976577758	
1489	0.0005969029036350549	
1490	0.0005968302371911705	
1491	0.0005968096083961427	
