epoch	 loss_proj	
0	0.009998834319412708	
1	0.009750895015895367	
2	0.008736826479434967	
3	0.0077204518020153046	
4	0.006154708936810494	
5	0.0046410816721618176	
6	0.0037655314430594445	
7	0.0032799118664115666	
8	0.0029413179494440556	
9	0.0026877842377871276	
10	0.0024353524670004843	
11	0.0022109785582870244	
12	0.00198412521276623	
13	0.0017630172660574317	
14	0.0015848815208300948	
15	0.0014283620985224843	
16	0.001309088827110827	
17	0.001205205381847918	
18	0.001128440210595727	
19	0.0010474280337803067	
20	0.0009904860751703381	
21	0.0009205732843838632	
22	0.0008847717428579927	
23	0.0008338149287737906	
24	0.0008228607242926955	
25	0.0007565654348582029	
26	0.0007126585580408574	
27	0.0006845419760793447	
28	0.0006596031947992742	
29	0.0006233190535567701	
30	0.0005984524148516357	
31	0.0005766263115219772	
32	0.0005589765962213278	
33	0.00054163514287211	
34	0.0005228671536315233	
35	0.000509590795263648	
36	0.000494195893406868	
37	0.0004851376754231751	
38	0.0004777666123118252	
39	0.0004722332232631743	
40	0.00046817881520837544	
41	0.00046384502784349026	
42	0.0004511321661993861	
43	0.0004310163843911141	
44	0.0004189775208942592	
45	0.00041369552491232753	
46	0.000413571810349822	
47	0.00040891592507250605	
48	0.00039281081408262255	
49	0.00038552635232917963	
50	0.00038505142438225446	
51	0.0003886167658492923	
52	0.0003751493990421295	
53	0.0003607702907174826	
54	0.00035765946377068757	
55	0.0003609296400099993	
56	0.00035987889859825375	
57	0.0003499430778902024	
58	0.0003454654710367322	
59	0.0003479002858512104	
60	0.00034609920694492755	
61	0.0003355703956913203	
62	0.0003335700661409646	
63	0.0003345099510625005	
64	0.0003369571699295193	
65	0.0003329766565002501	
66	0.0003302510769572109	
67	0.00032884704996831714	
68	0.0003111834404990077	
69	0.0003035823872778565	
70	0.00031188026187010107	
71	0.0003062241536099464	
72	0.00030193246784619986	
73	0.00030437115347012875	
74	0.0003101525304373354	
75	0.0003052337560802698	
76	0.0002958538942039013	
77	0.00029252879903651774	
78	0.00029218174458947035	
79	0.0002851280471077189	
80	0.00028119675698690116	
81	0.00028046437073498965	
82	0.00028595910407602787	
83	0.0002929141453932971	
84	0.00027890766214113685	
85	0.00027085904439445586	
86	0.00027599326276686045	
87	0.0002840896981069818	
88	0.000286719694850035	
89	0.0002776241337414831	
90	0.0002740786178037524	
91	0.0002736622409429401	
92	0.000266600152826868	
93	0.0002626239147502929	
94	0.0002635290642501786	
95	0.0002630814793519676	
96	0.00026933077606372535	
97	0.0002770756371319294	
98	0.0002612739655887708	
99	0.0002566436683991924	
100	0.00025625912530813366	
101	0.00025090783601626753	
102	0.0002482527692336589	
103	0.0002428559848340228	
104	0.00024110383237712084	
105	0.00023992505739443005	
106	0.00023794390144757927	
107	0.0002362321043619886	
108	0.00023521407274529338	
109	0.0002351288334466517	
110	0.00023588745680171996	
111	0.00023780362971592695	
112	0.00024218244070652872	
113	0.00024921022122725844	
114	0.0002552093705162406	
115	0.0002523950301110744	
116	0.0002469767234288156	
117	0.00024134718405548482	
118	0.00023594809754285962	
119	0.00023216156696435065	
120	0.0002305735368281603	
121	0.0002319227351108566	
122	0.00023901706153992564	
123	0.0002522669907193631	
124	0.00024915377725847064	
125	0.00023621530854143203	
126	0.00023252859828062355	
127	0.00023196206602733583	
128	0.00022668097808491438	
129	0.00022220562386792152	
130	0.00022232979536056517	
131	0.00022458369203377516	
132	0.00022840633755549788	
133	0.00023815644381102173	
134	0.0003164897672832012	
135	0.00028939631301909684	
136	0.00038781092735007405	
137	0.00029953663179185244	
138	0.0002547418378526345	
139	0.0002490326354745775	
140	0.0002302907028933987	
141	0.00022349160281009972	
142	0.00022420940513256937	
143	0.00022032604028936474	
144	0.0002203840616857633	
145	0.00022214619093574584	
146	0.00023373525473289192	
147	0.00024017575778998435	
148	0.00026292565744370224	
149	0.00024655005254317077	
150	0.00023152091598603873	
151	0.00021981248864904045	
152	0.0002127591025782749	
153	0.0002088268054649234	
154	0.00020682266622316093	
155	0.00020630719664040952	
156	0.0002067027147859335	
157	0.00020738629100378603	
158	0.0002088480949169025	
159	0.00021119987650308758	
160	0.00021470766805578023	
161	0.0002190426312154159	
162	0.00022384636104106904	
163	0.00022733658843208105	
164	0.00022994889004621655	
165	0.00023123510763980448	
166	0.00022660663235001265	
167	0.00021784379205200822	
168	0.00020988363539800047	
169	0.00020421665685717018	
170	0.000200827736989595	
171	0.00019899502221960575	
172	0.00019838562875520437	
173	0.0001982132118428126	
174	0.00019906071829609573	
175	0.0002080587117234245	
176	0.00032226934854406863	
177	0.00030242890352383256	
178	0.00023019494547042995	
179	0.00022039760078769178	
180	0.00021700033103115856	
181	0.00022273724025581031	
182	0.0002258807828184217	
183	0.00024444620939902963	
184	0.00024095416883938015	
185	0.00025767082697711883	
186	0.0002261186484247446	
187	0.00020281998731661588	
188	0.0001953163417056203	
189	0.000194801134057343	
190	0.00019738412520382554	
191	0.00020107065502088516	
192	0.00021135435381438583	
193	0.0002278958592796698	
194	0.00026961514377035203	
195	0.0002350425405893475	
196	0.00020460124069359152	
197	0.0001972816651687026	
198	0.00019865596841555088	
199	0.00019804953481070698	
200	0.0001929944148287177	
201	0.00018809241591952742	
202	0.00018594152643345297	
203	0.0001840768993133679	
204	0.00018371716141700744	
205	0.0001834336173487827	
206	0.00018303235701750965	
207	0.00018249950371682644	
208	0.0001823120575863868	
209	0.00018224174855276942	
210	0.00018189519760198892	
211	0.00018191139970440416	
212	0.00018173164571635425	
213	0.00018179219041485338	
214	0.00018186960951425136	
215	0.00018211066199000925	
216	0.0001822800695663318	
217	0.0001827040163334459	
218	0.00018291282758582384	
219	0.00018356343789491803	
220	0.00018389906908851118	
221	0.0001852995133958757	
222	0.00018695576291065662	
223	0.00019127774285152555	
224	0.00020027348655276	
225	0.00020871004089713098	
226	0.00022786101617384703	
227	0.00019914139702450483	
228	0.00018273005553055556	
229	0.00018304423720110207	
230	0.00018367970478720962	
231	0.00018118074804078786	
232	0.0001792016642866656	
233	0.00017839480133261532	
234	0.00017841139633674176	
235	0.00017935886571649463	
236	0.0001801220525521785	
237	0.00018173030694015324	
238	0.00018311429594177752	
239	0.00018512709357310086	
240	0.0001865225873189047	
241	0.00019097142794635146	
242	0.0001934764557518065	
243	0.00020209879730828106	
244	0.00019795109692495317	
245	0.0001939032576046884	
246	0.00018374432402197273	
247	0.0001756698824465275	
248	0.000173387787071988	
249	0.00017289032693952323	
250	0.00017294374702032657	
251	0.00017355838790535926	
252	0.00017431513115298002	
253	0.00017538250831421464	
254	0.00017658885626588018	
255	0.00017783934017643333	
256	0.00017867680289782584	
257	0.0001794151816284284	
258	0.00017944610153790562	
259	0.00018092285317834468	
260	0.00018248219275847078	
261	0.00018956983112730085	
262	0.0002022866770857945	
263	0.0002157822367735207	
264	0.00024230075359810144	
265	0.00019440229807514696	
266	0.00018688230775296689	
267	0.00019184222910553216	
268	0.0001752384239807725	
269	0.00017206424090545624	
270	0.0001741852785926312	
271	0.00017262997571378946	
272	0.0001711075921775773	
273	0.00017048034642357378	
274	0.0001717936247587204	
275	0.00017355803283862769	
276	0.00017546587623655795	
277	0.00017575273814145475	
278	0.00017425309342797846	
279	0.00017253828991670161	
280	0.00017153353546746076	
281	0.00017094868526328354	
282	0.00017015069606713952	
283	0.00016888378595467657	
284	0.0001674364844802767	
285	0.0001664920273469761	
286	0.00016605313867330552	
287	0.0001661334012169391	
288	0.0001664249342866242	
289	0.00016694641089998186	
290	0.00016737526748329402	
291	0.00016777354467194526	
292	0.00016790110676083713	
293	0.00016798321157693863	
294	0.00016775497933849693	
295	0.0001675628445809707	
296	0.00016709024785086513	
297	0.0001668641052674502	
298	0.0001666579890297726	
299	0.00016688495234120637	
300	0.00016665979055687785	
301	0.00016514521557837726	
302	0.0001637566223507747	
303	0.00016214655188377946	
304	0.00016091165307443588	
305	0.0001599758310476318	
306	0.00015933892282191665	
307	0.0001588151339092292	
308	0.00015889628703007473	
309	0.00015857416728977115	
310	0.0001594418630702421	
311	0.0001595952737261541	
312	0.00016201575490413234	
313	0.00016393699042964726	
314	0.00017038976366166026	
315	0.00017998895491473378	
316	0.00019105570972897113	
317	0.00020955494546797125	
318	0.00017945125291589646	
319	0.00016324962198268622	
320	0.00016536997572984545	
321	0.00016305334283970297	
322	0.00015841206040931866	
323	0.0001562604826176539	
324	0.00015626989043084904	
325	0.00015615630109095947	
326	0.00015675853501306847	
327	0.00015678557101637126	
328	0.000157517047773581	
329	0.00015812984202057123	
330	0.0001589268969837576	
331	0.00015953404508763924	
332	0.00016059916379163042	
333	0.00016202433762373402	
334	0.00016390676028095187	
335	0.0001674124738201499	
336	0.0001700158609310165	
337	0.00017507091688457878	
338	0.00017176557157654314	
339	0.00016695053491275758	
340	0.00016044969815993683	
341	0.00015520810266025364	
342	0.0001537728079711087	
343	0.0001530429843114689	
344	0.00015305270062526688	
345	0.0001531970512587577	
346	0.0001534826122224331	
347	0.00015398764080600812	
348	0.00015451590152224526	
349	0.000155336556781549	
350	0.000156041762966197	
351	0.0001571596134454012	
352	0.00015848289913265035	
353	0.00016106228285934777	
354	0.00016642744303680957	
355	0.00017334090371150522	
356	0.0001911815896164626	
357	0.0001853291440056637	
358	0.0001776996097760275	
359	0.00015989347884897142	
360	0.0001551383757032454	
361	0.00015633071889169513	
362	0.00015642950602341444	
363	0.00015669086860725656	
364	0.0001550936358398758	
365	0.00015531543031102046	
366	0.00015448528283741326	
367	0.0001549062435515225	
368	0.00015442981093656273	
369	0.00015444880264112726	
370	0.0001541644029202871	
371	0.0001538970071123913	
372	0.00015442215953953564	
373	0.00015511347446590663	
374	0.00015751046012155712	
375	0.00016173514886759223	
376	0.00016595610650256277	
377	0.00017488465528003871	
378	0.00017047844012267887	
379	0.0001652620267122984	
380	0.00015581964398734272	
381	0.0001502365616033785	
382	0.00014903711416991428	
383	0.00014920281973900272	
384	0.0001495840260758996	
385	0.0001502081679063849	
386	0.00015094345872057602	
387	0.00015185903903329744	
388	0.0001534262817585841	
389	0.00015482958406209946	
390	0.0001583649282110855	
391	0.00015996339061530307	
392	0.00016643677081447096	
393	0.00016428946400992572	
394	0.0001664520095800981	
395	0.0001583570396178402	
396	0.0001534966388135217	
397	0.00014976125676184892	
398	0.0001489729489549063	
399	0.00014895847562002018	
400	0.00014912088226992637	
401	0.00014797929325141012	
402	0.00014634893741458655	
403	0.00014526707818731665	
404	0.0001447872637072578	
405	0.0001449026764021255	
406	0.00014499221579171716	
407	0.00014512650086544453	
408	0.00014499910175800324	
409	0.0001448010269086808	
410	0.00014444058761000633	
411	0.00014410307921934872	
412	0.00014379591448232532	
413	0.00014360909990500658	
414	0.00014347818942042067	
415	0.00014338226028485224	
416	0.00014327638200484216	
417	0.00014318095636554063	
418	0.0001430663774954155	
419	0.00014296431618276983	
420	0.0001428587333066389	
421	0.00014278014859883114	
422	0.0001427212730050087	
423	0.0001427117153070867	
424	0.00014275342400651425	
425	0.00014286744553828611	
426	0.00014305875811260194	
427	0.00014333776489365845	
428	0.00014369728014571593	
429	0.0001441216576495208	
430	0.00014456970820901914	
431	0.00014498187229037285	
432	0.00014527344756061212	
433	0.00014535730733769014	
434	0.00014517772506223993	
435	0.0001447481830837205	
436	0.00014414199540624395	
437	0.00014345931122079493	
438	0.00014279273018473758	
439	0.00014221577730495484	
440	0.00014177399716572837	
441	0.00014147941838018596	
442	0.00014131598145468162	
443	0.00014125104207778348	
444	0.00014125285670161248	
445	0.00014129400078672917	
446	0.00014135647506918758	
447	0.00014142192667350174	
448	0.00014147801994113252	
449	0.00014150770584819838	
450	0.000141504623752553	
451	0.00014145741879474373	
452	0.0001413763573509641	
453	0.00014125943853287025	
454	0.00014113746728980914	
455	0.00014100973930908367	
456	0.00014092360652284697	
457	0.00014086022129049524	
458	0.0001408833370078355	
459	0.00014093407080508768	
460	0.0001410992263117805	
461	0.00014125119196251035	
462	0.00014152336807455869	
463	0.00014168571215122938	
464	0.0001419735184754245	
465	0.00014201735612004996	
466	0.0001422341141733341	
467	0.00014206813648343086	
468	0.00014219107979442924	
469	0.0001418128435034305	
470	0.0001418890678905882	
471	0.000141388839983847	
472	0.0001414693469996564	
473	0.0001410015524015762	
474	0.0001411033794283867	
475	0.00014084748254390435	
476	0.00014099531545070932	
477	0.0001410553202731535	
478	0.00014127363683655859	
479	0.00014156943652778863	
480	0.00014181298756739126	
481	0.00014206933410605417	
482	0.0001420839034835808	
483	0.00014185524341883137	
484	0.0001412530109519139	
485	0.00014039437228348107	
486	0.00013945202372269704	
487	0.00013860686885891482	
488	0.00013797926512779669	
489	0.0001375746782287024	
490	0.0001373939259792678	
491	0.00013741429283982144	
492	0.00013764024915872142	
493	0.00013806617935188114	
494	0.0001387117139529437	
495	0.00013959076604805887	
496	0.00014070121542317793	
497	0.00014198620629031212	
498	0.00014324821095215156	
499	0.0001441121261450462	
500	0.00014239723095670341	
501	0.00013964905811008065	
502	0.00013801522582070901	
503	0.00013602460967376828	
504	0.000135548718390055	
505	0.00013565540430136025	
506	0.0001365932883345522	
507	0.00013704344601137564	
508	0.00013876981829525904	
509	0.00014065135619603097	
510	0.00014581068826373665	
511	0.0001543091217172332	
512	0.0001612206979189068	
513	0.00017374397430103272	
514	0.00015280525403795763	
515	0.00013891942944610491	
516	0.00013856815348844975	
517	0.00013918531622039154	
518	0.00013776655832771213	
519	0.0001360546739306301	
520	0.00013505678653018548	
521	0.00013460014888551087	
522	0.00013460591871989892	
523	0.00013429742684820667	
524	0.00013417912559816615	
525	0.00013385793572524564	
526	0.00013369361113291234	
527	0.0001334916814812459	
528	0.00013334341056179256	
529	0.00013324232131708413	
530	0.0001331737235886976	
531	0.00013312715745996683	
532	0.00013316394615685566	
533	0.00013321426085894928	
534	0.00013345775223569945	
535	0.0001338848189334385	
536	0.00013459766923915595	
537	0.000136145313445013	
538	0.0001377898224745877	
539	0.00014241166936699302	
540	0.0001445132540538907	
541	0.00015374788490589707	
542	0.00014908369339536876	
543	0.0001499577861977741	
544	0.00013972890883451328	
545	0.00013622861151816324	
546	0.00013486366951838137	
547	0.00013461824564728886	
548	0.00013500954228220507	
549	0.00013382489269133657	
550	0.0001337179128313437	
551	0.00013277602702146395	
552	0.0001326069876085967	
553	0.00013213156198617072	
554	0.0001321641291724518	
555	0.00013208333839429543	
556	0.00013229163887444883	
557	0.00013256221718620508	
558	0.0001330885716015473	
559	0.00013377309805946426	
560	0.00013522477383958175	
561	0.00013645778672071173	
562	0.0001399130967911333	
563	0.0001408571275533177	
564	0.0001457941994885914	
565	0.00014253127883421258	
566	0.00014223698963178322	
567	0.0001361490722047165	
568	0.00013313010713318364	
569	0.00013082300865789874	
570	0.00013036270829616114	
571	0.00013006576773477718	
572	0.0001301802258240059	
573	0.00013044412626186385	
574	0.00013062220241408796	
575	0.00013126227422617377	
576	0.00013152503088349478	
577	0.00013256593520054593	
578	0.0001329045044258237	
579	0.00013432045379886405	
580	0.0001343490992439911	
581	0.00013582379469880834	
582	0.0001349413039861247	
583	0.00013603021507151424	
584	0.00013520109059754758	
585	0.00013711697247345	
586	0.0001375843756250106	
587	0.00014186016342137008	
588	0.00014179937134031206	
589	0.00014658268919447436	
590	0.00014160253340378404	
591	0.00013959731586510316	
592	0.00013381265744101257	
593	0.00013111165026202798	
594	0.00012935132690472528	
595	0.00012905164621770381	
596	0.00012878031557193026	
597	0.0001288102546823211	
598	0.00012876124383183197	
599	0.00012865561293438078	
600	0.00012862567527918145	
601	0.00012805001897504554	
602	0.00012802743440261112	
603	0.0001277719871723093	
604	0.0001277452116482891	
605	0.00012770054454449564	
606	0.00012762745463987813	
607	0.00012751045287586748	
608	0.00012739201338263229	
609	0.00012734577612718567	
610	0.00012732028408208863	
611	0.00012725053820759059	
612	0.00012719622027361764	
613	0.0001271220826311037	
614	0.00012704496621154248	
615	0.00012699922372121363	
616	0.00012694915785687043	
617	0.0001268946667551063	
618	0.00012684360117418692	
619	0.0001267898827791214	
620	0.00012673708115471528	
621	0.00012668680283240975	
622	0.00012663661618717015	
623	0.00012659015046665446	
624	0.00012654462625505403	
625	0.00012650290154851972	
626	0.0001264662903849967	
627	0.0001264363861992024	
628	0.00012641377688851207	
629	0.00012640113418456168	
630	0.00012639870546991006	
631	0.00012640954373637213	
632	0.00012643520603887736	
633	0.00012647744588321075	
634	0.000126536340394523	
635	0.00012661028595175594	
636	0.00012669492862187325	
637	0.00012678280036197974	
638	0.00012686178233707325	
639	0.00012691795564023778	
640	0.00012693548924289644	
641	0.0001269030079129152	
642	0.00012681544758379458	
643	0.00012667929113376885	
644	0.00012650903372559696	
645	0.0001263243961147964	
646	0.00012614280567504465	
647	0.00012597696040757002	
648	0.00012583214411279186	
649	0.00012570978578878566	
650	0.00012560820759972559	
651	0.00012552382540889084	
652	0.00012545399367809297	
653	0.00012539622985059397	
654	0.00012534887064248325	
655	0.00012531079701147974	
656	0.00012528266379376873	
657	0.00012526488862931728	
658	0.00012526141217676922	
659	0.00012527338112704455	
660	0.00012530843523563817	
661	0.00012536792928585783	
662	0.00012546133366413413	
663	0.00012558710295706987	
664	0.0001257550800801255	
665	0.00012595097941812128	
666	0.0001261840938241221	
667	0.00012641396024264394	
668	0.0001266508101252839	
669	0.00012681113148573785	
670	0.00012692938325926663	
671	0.0001268806678126566	
672	0.0001267880099476315	
673	0.00012651585711864755	
674	0.00012630628480110319	
675	0.00012600004847627134	
676	0.00012586087686941027	
677	0.0001257017400348559	
678	0.00012573327694553882	
679	0.0001258467964362353	
680	0.00012620706111192702	
681	0.0001269638698431663	
682	0.00012829369661631062	
683	0.0001309915242018178	
684	0.00013582862011389806	
685	0.0001438200066331774	
686	0.00016330201760865747	
687	0.00016112450684886427	
688	0.000165338913211599	
689	0.0001333504929789342	
690	0.0001346526318229735	
691	0.00013628853484988214	
692	0.000126548096886836	
693	0.0001256101008038968	
694	0.00012668550480157136	
695	0.00012432855437509714	
696	0.00012350689939921722	
697	0.0001233454342582263	
698	0.000123186111159157	
699	0.00012321608228376134	
700	0.00012284811964491382	
701	0.00012277181522222236	
702	0.00012274626205908135	
703	0.00012261487281648443	
704	0.00012246721307747067	
705	0.00012238161580171436	
706	0.00012242942029843106	
707	0.00012238245108164847	
708	0.0001223068087710999	
709	0.00012227881379658356	
710	0.0001222484905156307	
711	0.00012220194475958123	
712	0.00012213595618959516	
713	0.00012208663392812013	
714	0.00012206835381221027	
715	0.00012203931109979748	
716	0.00012199791526654736	
717	0.00012195797025924549	
718	0.00012191851419629529	
719	0.00012187756365165115	
720	0.00012183900107629598	
721	0.0001218023884575814	
722	0.00012176492309663444	
723	0.00012172685092082247	
724	0.00012169011752121151	
725	0.00012165372318122536	
726	0.00012161752238171175	
727	0.00012158175086369738	
728	0.00012154662399552763	
729	0.00012151239498052746	
730	0.00012147924717282876	
731	0.00012144705979153514	
732	0.00012141655461164191	
733	0.00012138716410845519	
734	0.0001213601091876626	
735	0.00012133490672567859	
736	0.00012131253315601498	
737	0.00012129310343880206	
738	0.00012127742229495198	
739	0.00012126525398343801	
740	0.00012125777429901063	
741	0.00012125499633839354	
742	0.00012125710491091013	
743	0.0001212640228914097	
744	0.00012127582886023447	
745	0.00012129082897445187	
746	0.00012130880204495043	
747	0.000121327031229157	
748	0.00012134264979977161	
749	0.00012135342258261517	
750	0.0001213552663102746	
751	0.00012134571152273565	
752	0.00012132262927480041	
753	0.0001212849747389555	
754	0.00012123380729462951	
755	0.00012117113801650703	
756	0.00012110091047361493	
757	0.00012102636246709153	
758	0.0001209516150993295	
759	0.00012087958166375756	
760	0.00012081278400728479	
761	0.00012075225240550935	
762	0.00012069928197888657	
763	0.00012065432529198005	
764	0.0001206175031256862	
765	0.00012058976863045245	
766	0.00012057137355441228	
767	0.00012056315317749977	
768	0.0001205664302688092	
769	0.00012058146676281467	
770	0.00012060947046848014	
771	0.00012065092014381661	
772	0.00012070476950611919	
773	0.00012076984421582893	
774	0.00012084096670150757	
775	0.00012091379321645945	
776	0.00012097818835172802	
777	0.00012102609471185133	
778	0.0001210438902489841	
779	0.00012102622276870534	
780	0.00012096438003936783	
781	0.00012086552305845544	
782	0.0001207320048706606	
783	0.00012058393331244588	
784	0.00012042709859088064	
785	0.0001202818180900067	
786	0.00012014570529572666	
787	0.00012003361916868016	
788	0.00011993336665909738	
789	0.00011985923192696646	
790	0.00011979072005487978	
791	0.00011974990338785574	
792	0.00011970548366662115	
793	0.00011969636252615601	
794	0.00011967123718932271	
795	0.0001197007135488093	
796	0.00011969323677476495	
797	0.00011978203401667998	
798	0.0001197942823637277	
799	0.0001199866717797704	
800	0.00011976401583524421	
801	0.0001195573087898083	
802	0.00011909441673196852	
803	0.00011890420428244397	
804	0.0001189389469800517	
805	0.0001188690701383166	
806	0.00011881373793585226	
807	0.00011876218195538968	
808	0.00011862628598464653	
809	0.0001185894405352883	
810	0.00011857558129122481	
811	0.00011850883893202991	
812	0.0001184517634101212	
813	0.00011838449281640351	
814	0.00011832746822619811	
815	0.00011830021539935843	
816	0.00011827131238533184	
