epoch	 loss_proj	
0	0.008985347912779875	
1	0.004515575694053301	
2	0.0025931490818038583	
3	0.001685131956557078	
4	0.001293198754345732	
5	0.0010199535879239971	
6	0.0008505237513288323	
7	0.000745405740287554	
8	0.0006679530966461503	
9	0.0006137783930171281	
10	0.0005661179228419704	
11	0.0005124325627028676	
12	0.00048280601913575083	
13	0.0004530433299286025	
14	0.0004357617674811211	
15	0.0004032670341465356	
16	0.0003816993537059586	
17	0.00036362689258697046	
18	0.0003462427391371291	
19	0.0003364538570167497	
20	0.0003222750050814024	
21	0.0003136514247411729	
22	0.0003058800648432225	
23	0.00029896646447014064	
24	0.00029537805884111937	
25	0.00028631587546052676	
26	0.0002819476825866981	
27	0.000282225116929372	
28	0.00027787586960974816	
29	0.0002800272486638278	
30	0.00026912617821445953	
31	0.00027796160741542863	
32	0.0002955991097093959	
33	0.0003314854620839469	
34	0.0002643699761912493	
35	0.0002720943822558703	
36	0.00027450202573423406	
37	0.00026504704874241725	
38	0.0002521232683128411	
39	0.0002507125775861953	
40	0.00024101036771233858	
41	0.00024240053712024486	
42	0.00024210917243700742	
43	0.00023713283735560253	
44	0.00023475188001092256	
45	0.00022456657253704698	
46	0.0002199019846947132	
47	0.000221432756786401	
48	0.0002194323434585905	
49	0.00021047762857051566	
50	0.00020813583822538412	
51	0.00020745945585076697	
52	0.00020438585956331475	
53	0.00020042511459905654	
54	0.0001980995028653914	
55	0.00019593969149614817	
56	0.00019362724716691964	
57	0.00019144878336062123	
58	0.0001899818219369211	
59	0.00018831632249722525	
60	0.00018561572246004028	
61	0.00018381537977672582	
62	0.00018114426711690612	
63	0.00018006105996651707	
64	0.00018430871205055155	
65	0.00019200222959625535	
66	0.00017967977795966102	
67	0.00017767632536041283	
68	0.0001856073992842409	
69	0.0001778914312516073	
70	0.00017029267941584943	
71	0.00016935969376520786	
72	0.0001684578091953881	
73	0.00016769787024324096	
74	0.0001712748640524556	
75	0.00017414366603978642	
76	0.00016608584129634046	
77	0.00016472575901259136	
78	0.00016180631064344198	
79	0.00016767389960088103	
80	0.00016599472447913804	
81	0.00016955750314601964	
82	0.00017419794884127832	
83	0.00017105173329972395	
84	0.00015961747495956452	
85	0.00015254625863495415	
86	0.00015450452545857324	
87	0.0001559799545378025	
88	0.0001532549052041889	
89	0.00015400490883621387	
90	0.00015380610264920897	
91	0.00015322229176360582	
92	0.00015792833229560138	
93	0.00016170704371428916	
94	0.00016254727389813134	
95	0.0001542046026900477	
96	0.00014849062634831562	
97	0.00023755076420327117	
98	0.0003964867802486489	
99	0.00025403715699212626	
100	0.00019784862005118548	
101	0.00016902780667546073	
102	0.0001550459408982923	
103	0.00014783612589651187	
104	0.00014434959666687064	
105	0.0001423218657561977	
106	0.0001412353345326015	
107	0.00014045124667713286	
108	0.00013984099184329222	
109	0.00013899814699211026	
110	0.00013765760273340026	
111	0.00013591624779759774	
112	0.00013452266752470417	
113	0.00013358949581743218	
114	0.00013279326594783925	
115	0.0001321700432786851	
116	0.0001316773611636433	
117	0.00013127135233454674	
118	0.00013102132236651544	
119	0.0001308703244181483	
120	0.00013093669934148368	
121	0.00013130663657128544	
122	0.00013205371526834954	
123	0.0001331246587921799	
124	0.0001341651020214028	
125	0.0001346101515602121	
126	0.00013406562356976792	
127	0.00013297283710146855	
128	0.0001323500764556229	
129	0.00013257286212007915	
130	0.0001333550743376171	
131	0.00013398575746188207	
132	0.00013372008314555778	
133	0.00013247443140634068	
134	0.00013140165745945915	
135	0.00013129469672484056	
136	0.00013206133215654909	
137	0.00013292125731823035	
138	0.00013293539762214226	
139	0.00013169548401492648	
140	0.0001302939797044798	
141	0.0001298151478944679	
142	0.00013044409778168692	
143	0.0001314904449308025	
144	0.00013185225855392803	
145	0.0001307238131370728	
146	0.00012896892803837545	
147	0.00012810411265361057	
148	0.00012856016058192057	
149	0.00012986174416645163	
150	0.00013069016027397344	
151	0.00012972505438873277	
152	0.00012733338891328977	
153	0.00012612890116413058	
154	0.00012658196075270616	
155	0.00012826949984758227	
156	0.00012957536585288056	
157	0.00012903881569010473	
158	0.00012552924662096693	
159	0.00012384756727052654	
160	0.00012428853395769174	
161	0.00012650505543985804	
162	0.0001285282934467042	
163	0.00012880400312756786	
164	0.00012264185430207623	
165	0.00012071359092910175	
166	0.00012153484411620801	
167	0.0001246226778935774	
168	0.00012741421414830256	
169	0.00012613608929054214	
170	0.00012118264047395704	
171	0.0001181658675964822	
172	0.00011982401338173077	
173	0.00012382834185180918	
174	0.00012658497066045778	
175	0.00012248237518568722	
176	0.00011620172621665656	
177	0.00011550817336163683	
178	0.0001179083719762275	
179	0.00011499749858298205	
180	0.00011322379421991562	
181	0.00011178516485545385	
182	0.00011594835762350288	
183	0.00011321157814693703	
184	0.00011600235718235905	
185	0.00011047215827732413	
186	0.000115814486239937	
187	0.00011389555818043715	
188	0.00011066153794152862	
189	0.00010944434273239625	
190	0.00011876100688823499	
191	0.0001152450822701212	
192	0.00011351257178050998	
193	0.0001104290482284601	
194	0.00010804027598559125	
195	0.00011136647169353507	
196	0.00010992851951284268	
197	0.00011115414651742737	
198	0.00011249680963893687	
199	0.00011131567121732846	
200	0.00010575448400881473	
201	0.00010481765457370784	
202	0.0001056645529128478	
203	0.00010875723221813262	
204	0.00011268990887661598	
205	0.00011557297148101497	
206	0.00011973336690321698	
207	0.00013024715320040871	
208	0.0001065986307366984	
209	0.00010383949328180668	
210	0.0001033190086932986	
211	0.00010249548202929353	
212	0.00010281929124695515	
213	0.00010340883350831323	
214	0.00010460035835941588	
215	0.00010823055968752929	
216	0.0001077356407352324	
217	0.00010298018709623388	
218	0.000100961396778335	
219	0.00010052102126272595	
220	0.00010129300322400272	
221	0.00010380602257750329	
222	0.00010593561325679599	
223	0.00010995169239842133	
224	0.00010863060249123788	
225	0.0001334384287474677	
226	0.00012399003156003476	
227	0.00010746063786167983	
228	0.0001021730373135402	
229	9.848000913085084e-05	
230	9.782723931753676e-05	
231	9.746923102024343e-05	
232	9.756529860689105e-05	
233	9.783024039019697e-05	
234	9.836193748924416e-05	
235	9.915738831166112e-05	
236	0.00010086710426548962	
237	0.00010233850454304567	
238	9.968159897003456e-05	
239	9.686006394206612e-05	
240	9.640710335848521e-05	
241	9.672769998100453e-05	
242	9.927052139703716e-05	
243	0.00010313014406295094	
244	0.0001033740791172022	
245	0.00010020732588600367	
246	9.996980952564627e-05	
247	9.398163560295611e-05	
248	9.515049506652369e-05	
249	9.78911500299416e-05	
250	0.0001029754249819754	
251	0.00010133368050446734	
252	9.550168111413118e-05	
253	9.425454663869459e-05	
254	9.381751650445429e-05	
255	9.500643942114298e-05	
256	9.755013343237806e-05	
257	0.00010073235664874249	
258	0.00010141875022132549	
259	9.953830028410136e-05	
260	9.907548519549891e-05	
261	9.20437053407243e-05	
262	9.300528394565586e-05	
263	9.498636557379671e-05	
264	9.886630011481299e-05	
265	9.920164406399376e-05	
266	9.484195496562669e-05	
267	9.244583140701122e-05	
268	9.196144336393835e-05	
269	9.244220720055247e-05	
270	9.462642213163366e-05	
271	9.645044571828163e-05	
272	9.713948981828122e-05	
273	9.525435208550854e-05	
274	9.327951738669071e-05	
275	9.171878134241394e-05	
276	9.243521370600709e-05	
277	9.469953848955421e-05	
278	9.658118818021779e-05	
279	9.445879836026247e-05	
280	9.162998659511297e-05	
281	9.031043997051061e-05	
282	9.114428498183511e-05	
283	9.303150519761922e-05	
284	9.463677867773055e-05	
285	9.442482535502807e-05	
286	9.23694554200795e-05	
287	9.067459801112168e-05	
288	9.049299686531802e-05	
289	9.171619863731653e-05	
290	9.313429680852485e-05	
291	9.315496884352927e-05	
292	9.150280155673889e-05	
293	9.010237252888536e-05	
294	8.992011602718517e-05	
295	9.071142760928654e-05	
296	9.165504603255872e-05	
297	9.180308058733187e-05	
298	9.090377534448635e-05	
299	8.996439724536945e-05	
300	8.835031543899927e-05	
301	8.705225107925279e-05	
302	8.543877291750894e-05	
303	8.517302142406282e-05	
304	8.478242930972815e-05	
305	8.477419188628639e-05	
306	8.443344268016517e-05	
307	8.446533528123317e-05	
308	8.4311747351811e-05	
309	8.426284278227416e-05	
310	8.428486346799348e-05	
311	8.4335682913661e-05	
312	8.438755555419317e-05	
313	8.441730512588817e-05	
314	8.436319201012208e-05	
315	8.418279425573669e-05	
316	8.398518834188248e-05	
317	8.405269857446131e-05	
318	8.436091255654381e-05	
319	8.451539023163994e-05	
320	8.44461935360284e-05	
321	8.427019253888699e-05	
322	8.406058337381442e-05	
323	8.386797318442924e-05	
324	8.376032824993931e-05	
325	8.377550044055429e-05	
326	8.385134736142521e-05	
327	8.38598397032391e-05	
328	8.375968224884543e-05	
329	8.360421452380251e-05	
330	8.346768221859488e-05	
331	8.339798608046425e-05	
332	8.338907952877759e-05	
333	8.340688535619327e-05	
334	8.341268143599987e-05	
335	8.339956132528772e-05	
336	8.3380813261361e-05	
337	8.338970136329798e-05	
338	8.344112003604616e-05	
339	8.351817710458167e-05	
340	8.360201276705734e-05	
341	8.366419569938444e-05	
342	8.368129212093274e-05	
343	8.362814306955053e-05	
344	8.351119712252901e-05	
345	8.33701243599145e-05	
346	8.326461335985056e-05	
347	8.321173767659015e-05	
348	8.314427629686958e-05	
349	8.297518849888417e-05	
350	8.273642587092971e-05	
351	8.255690149131365e-05	
352	8.250028414685013e-05	
353	8.24953705367599e-05	
354	8.243532803524951e-05	
355	8.229195087291632e-05	
356	8.213783179858833e-05	
357	8.204204095818568e-05	
358	8.200287265935913e-05	
359	8.196032805634397e-05	
360	8.186651029973291e-05	
361	8.17248585787768e-05	
362	8.158338849690543e-05	
363	8.147983083160528e-05	
364	8.141841109526078e-05	
365	8.136155260477349e-05	
366	8.127198816509917e-05	
367	8.114924691783796e-05	
368	8.101908445366592e-05	
369	8.090961039540292e-05	
370	8.083133850180144e-05	
371	8.076941802365971e-05	
372	8.069225311503812e-05	
373	8.058435040376415e-05	
374	8.045484225606612e-05	
375	8.033551837018291e-05	
376	8.024924266335023e-05	
377	8.018116256737682e-05	
378	8.010670015729764e-05	
379	8.001016379109518e-05	
380	7.989192636159714e-05	
381	7.977631893092101e-05	
382	7.968541779389073e-05	
383	7.961670676844992e-05	
384	7.955212043140949e-05	
385	7.947113070778349e-05	
386	7.936750963770984e-05	
387	7.925157219038479e-05	
388	7.915403849827791e-05	
389	7.908275230355295e-05	
390	7.902219658717513e-05	
391	7.89497989899246e-05	
392	7.88532667814122e-05	
393	7.873708532965143e-05	
394	7.862425939362896e-05	
395	7.853544983455712e-05	
396	7.84637252633859e-05	
397	7.839382955613214e-05	
398	7.830484225581e-05	
399	7.818956224322651e-05	
400	7.551305368126902e-05	
401	7.466206313568234e-05	
402	7.461390253281155e-05	
403	7.462000238384852e-05	
404	7.475501427377042e-05	
405	7.498875882967175e-05	
406	7.517444126798572e-05	
407	7.51126442212678e-05	
408	7.490387568915529e-05	
409	7.459963593906391e-05	
410	7.427177401301119e-05	
411	7.39894502268206e-05	
412	7.380544775514863e-05	
413	7.367184999956018e-05	
414	7.35607747109108e-05	
415	7.348316544916347e-05	
416	7.342740588813155e-05	
417	7.340440164885617e-05	
418	7.341232074915232e-05	
419	7.345974648030409e-05	
420	7.355129725640706e-05	
421	7.368037196491579e-05	
422	7.382699602333429e-05	
423	7.396608582764332e-05	
424	7.406254787513587e-05	
425	7.408772892501605e-05	
426	7.406036690684102e-05	
427	7.40213204803045e-05	
428	7.399139524620426e-05	
429	7.397015152881587e-05	
430	7.394161678218682e-05	
431	7.38930788689426e-05	
432	7.382058278640866e-05	
433	7.374912768552479e-05	
434	7.369798471959907e-05	
435	7.366307233626555e-05	
436	7.362763192629375e-05	
437	7.357545629409807e-05	
438	7.350677229364269e-05	
439	7.343459739266629e-05	
440	7.337418303775069e-05	
441	7.333130062241773e-05	
442	7.329142317757942e-05	
443	7.323596478922159e-05	
444	7.316355601817901e-05	
445	7.308085982263688e-05	
446	7.300729885173496e-05	
447	7.29482619915091e-05	
448	7.290017025038001e-05	
449	7.284836309346636e-05	
450	7.27780724056564e-05	
451	7.268984518304933e-05	
452	7.260414037903371e-05	
453	7.253889115028349e-05	
454	7.249610903922335e-05	
455	7.245831459710774e-05	
456	7.2404996379711e-05	
457	7.23253077532198e-05	
458	7.223256346021247e-05	
459	7.215208409304199e-05	
460	7.209901247863724e-05	
461	7.206753954441021e-05	
462	7.203558353856871e-05	
463	7.197521803651139e-05	
464	7.188328735147869e-05	
465	7.17831592607711e-05	
466	7.17043320556903e-05	
467	7.166404507838056e-05	
468	7.164532767741807e-05	
469	7.161438952607568e-05	
470	7.154567122467727e-05	
471	7.143470377611396e-05	
472	7.13194910661384e-05	
473	7.124218557562147e-05	
474	7.121556700440124e-05	
475	7.121763051795174e-05	
476	7.120103743675697e-05	
477	7.112225856482317e-05	
478	7.098767569654488e-05	
479	7.085270460395674e-05	
480	7.076947778322002e-05	
481	7.075591409894904e-05	
482	7.079394474983149e-05	
483	7.081680502908836e-05	
484	7.074386329415055e-05	
485	7.057064820920849e-05	
486	7.038887841710155e-05	
487	7.028393702057656e-05	
488	7.028432654416454e-05	
489	7.036877936375927e-05	
490	7.046050034529929e-05	
491	7.042243305477314e-05	
492	7.020448590213033e-05	
493	6.994438626861665e-05	
494	6.978616017607107e-05	
495	6.977187383329562e-05	
496	6.989767929813493e-05	
497	7.010030354389787e-05	
498	7.017958289777328e-05	
499	6.993719034653623e-05	
500	6.819090750858387e-05	
501	6.785250921633892e-05	
502	6.786961681167927e-05	
503	6.796803427278064e-05	
504	6.802220247794009e-05	
505	6.813594882260077e-05	
506	6.844873600389942e-05	
507	6.884397537630451e-05	
508	6.919947840547788e-05	
509	6.934133385324717e-05	
510	6.914693091987698e-05	
511	6.863578814123425e-05	
512	6.809340369987435e-05	
513	6.773206951038446e-05	
514	6.757815961983786e-05	
515	6.758479425375949e-05	
516	6.771243377962881e-05	
517	6.790038215902834e-05	
518	6.807557630444145e-05	
519	6.817001537586163e-05	
520	6.813365351782912e-05	
521	6.795875300927687e-05	
522	6.770863079249725e-05	
523	6.747307478300562e-05	
524	6.730990155899365e-05	
525	6.723400734439824e-05	
526	6.723549683686412e-05	
527	6.729101577158352e-05	
528	6.736942434924589e-05	
529	6.743454053191402e-05	
530	6.7457240999959e-05	
531	6.74226360258347e-05	
532	6.733116762396614e-05	
533	6.720066189050808e-05	
534	6.706259409838822e-05	
535	6.694306258785738e-05	
536	6.68581659348482e-05	
537	6.681228192714375e-05	
538	6.679813590640801e-05	
539	6.680174322225087e-05	
540	6.680990762626087e-05	
541	6.68095165435391e-05	
542	6.679164913033933e-05	
543	6.675202686372878e-05	
544	6.669122688305964e-05	
545	6.661599036306143e-05	
546	6.653485953782885e-05	
547	6.64560364904381e-05	
548	6.638674442781069e-05	
549	6.633034614164249e-05	
550	6.628617744094559e-05	
551	6.625158857787028e-05	
552	6.622280255084791e-05	
553	6.61958266781377e-05	
554	6.61663434584625e-05	
555	6.613237045322811e-05	
556	6.60929960888877e-05	
557	6.604678934049193e-05	
558	6.599532051560735e-05	
559	6.594107695231546e-05	
560	6.588596703035623e-05	
561	6.583215586683114e-05	
562	6.578072835899158e-05	
563	6.573132564621378e-05	
564	6.5684208883405e-05	
565	6.563999055028294e-05	
566	6.559779051583194e-05	
567	6.555675047690914e-05	
568	6.551620650238224e-05	
569	6.547665803477034e-05	
570	6.543638768822088e-05	
571	6.539457353937905e-05	
572	6.535153235225672e-05	
573	6.53080060146749e-05	
574	6.52637746887714e-05	
575	6.521931988702687e-05	
576	6.517440644009704e-05	
577	6.513060777381594e-05	
578	6.50858559570874e-05	
579	6.504096355846351e-05	
580	6.499650381946205e-05	
581	6.495321862790402e-05	
582	6.490996020147577e-05	
583	6.486745587608311e-05	
584	6.482400801490127e-05	
585	6.478159204042251e-05	
586	6.473920724861923e-05	
587	6.46965056928041e-05	
588	6.465522788598069e-05	
589	6.461494792477294e-05	
590	6.45729817603881e-05	
591	6.453035140501535e-05	
592	6.448862768593244e-05	
593	6.444736001347857e-05	
594	6.440567423331751e-05	
595	6.436495147811781e-05	
596	6.432353542809974e-05	
597	6.428214328479953e-05	
598	6.424088860512711e-05	
599	6.420007568002413e-05	
600	6.365017465473752e-05	
601	6.445284348696337e-05	
602	6.353545073320024e-05	
603	6.343426451037106e-05	
604	6.355409953227666e-05	
605	6.350099439649577e-05	
606	6.350792396655638e-05	
607	6.358670283849019e-05	
608	6.379570783922515e-05	
609	6.396661566603663e-05	
610	6.395496010164996e-05	
611	6.363433489501144e-05	
612	6.323553030337539e-05	
613	6.28984149183712e-05	
614	6.271604148163792e-05	
615	6.260232086268453e-05	
616	6.256657304350353e-05	
617	6.254374186807712e-05	
618	6.25449257703232e-05	
619	6.254484469536692e-05	
620	6.254465344162392e-05	
621	6.254427743052864e-05	
622	6.254036218576533e-05	
623	6.253763759949444e-05	
624	6.253495484997984e-05	
625	6.253404015816548e-05	
626	6.253481608707392e-05	
627	6.253801231131157e-05	
628	6.254242933729464e-05	
629	6.254659092519432e-05	
630	6.255085541592312e-05	
631	6.255350048637151e-05	
632	6.255435255297925e-05	
633	6.255098768243832e-05	
634	6.254516275865691e-05	
635	6.253521652459832e-05	
636	6.252206782976697e-05	
637	6.250437244099365e-05	
638	6.248265968419478e-05	
639	6.245785698411055e-05	
640	6.243000072052902e-05	
641	6.23980195086915e-05	
642	6.236242188606411e-05	
643	6.23226382491079e-05	
644	6.22789645733844e-05	
645	6.222981599941184e-05	
646	6.21737220041853e-05	
647	6.211119190473775e-05	
648	6.203927815866856e-05	
649	6.195878216073782e-05	
650	6.186914028408605e-05	
651	6.177422905498784e-05	
652	6.168457808338903e-05	
653	6.161756521448427e-05	
654	6.159025932512512e-05	
655	6.160835697041225e-05	
656	6.165450577100273e-05	
657	6.170098458824214e-05	
658	6.172954610000099e-05	
659	6.174003387319058e-05	
660	6.173685583884694e-05	
661	6.17241780024155e-05	
662	6.1702545541006e-05	
663	6.167418073995837e-05	
664	6.163991877526444e-05	
665	6.159896137043168e-05	
666	6.155059470204703e-05	
667	6.149526208381368e-05	
668	6.143261712817807e-05	
669	6.136486860798738e-05	
670	6.129294810567185e-05	
671	6.12203805628399e-05	
672	6.114979052134524e-05	
673	6.108233251974784e-05	
674	6.101855017602377e-05	
675	6.0959107421305294e-05	
676	6.090515853429679e-05	
677	6.0855669289594516e-05	
678	6.081036969719987e-05	
679	6.0767814440103916e-05	
680	6.072869733283629e-05	
681	6.069139687627155e-05	
682	6.065534684499393e-05	
683	6.062015797527108e-05	
684	6.05856221227441e-05	
685	6.05511039403999e-05	
686	6.051660005011529e-05	
687	6.0481369863347414e-05	
688	6.0445383496698923e-05	
689	6.040931683466104e-05	
690	6.0373038909996725e-05	
691	6.033706709526346e-05	
692	6.0300974187807045e-05	
693	6.0266622313065454e-05	
694	6.02343217386598e-05	
695	6.0205837663878424e-05	
696	6.0182763003727556e-05	
697	6.0167807792562856e-05	
698	6.0161536176955064e-05	
699	6.0164953018621805e-05	
700	6.009913730460019e-05	
701	6.063903960499114e-05	
702	6.082416647197013e-05	
703	6.047800655194026e-05	
704	6.023592894572565e-05	
705	6.030894863735219e-05	
706	6.0452663092291914e-05	
707	6.056221484738801e-05	
708	6.061306131804096e-05	
709	6.064541282414991e-05	
710	6.068749540385657e-05	
711	6.074297665950975e-05	
712	6.080037305114924e-05	
713	6.084682770181514e-05	
714	6.088201163428104e-05	
715	6.091800267833085e-05	
716	6.0973536294893294e-05	
717	6.106688254346539e-05	
718	6.121369915490504e-05	
719	6.141751327959355e-05	
720	6.16627735975531e-05	
721	6.195194224086922e-05	
722	6.235038563318085e-05	
723	6.292829883542643e-05	
724	6.363373566793078e-05	
725	6.426642227909594e-05	
726	6.450728480038899e-05	
727	6.415167795889179e-05	
728	6.343008122452634e-05	
729	6.275507387597048e-05	
730	6.229162668855029e-05	
731	6.200427703463771e-05	
732	6.182312764784521e-05	
733	6.170001662602382e-05	
734	6.160652057068157e-05	
735	6.152718002080551e-05	
736	6.145565177056207e-05	
737	6.138625225763203e-05	
738	6.131833522106587e-05	
739	6.125185882410733e-05	
740	6.118635025943928e-05	
741	6.112199441434183e-05	
742	6.105951732544262e-05	
743	6.099794050637034e-05	
744	6.093801961729436e-05	
745	6.08781283517601e-05	
746	6.081859373807674e-05	
747	6.076079314100623e-05	
748	6.070355617079518e-05	
749	6.0647300545367345e-05	
750	6.059106661788454e-05	
751	6.053577895467502e-05	
752	6.0481771080438716e-05	
753	6.0428745850263764e-05	
754	6.037705848679512e-05	
755	6.0326325443124264e-05	
756	6.027700276588023e-05	
757	6.02286774145406e-05	
758	6.018183246071983e-05	
759	6.01366983963609e-05	
760	6.009399813982392e-05	
761	6.005318170666994e-05	
762	6.0013082085268774e-05	
763	5.997533480694983e-05	
764	5.9939544761229104e-05	
765	5.990609783371578e-05	
766	5.987462580898344e-05	
767	5.984397713681184e-05	
768	5.981412635134932e-05	
769	5.978693973572392e-05	
770	5.9761165825226013e-05	
771	5.973724377586872e-05	
772	5.9712771092433415e-05	
773	5.969014572266522e-05	
774	5.96686398109471e-05	
775	5.964643774599868e-05	
776	5.962460935344487e-05	
777	5.960388833565438e-05	
778	5.958390660712861e-05	
779	5.956405857432401e-05	
780	5.954294764316208e-05	
781	5.952147564260356e-05	
782	5.9500257131211196e-05	
783	5.9479729965719995e-05	
784	5.94577712555682e-05	
785	5.943497607014641e-05	
786	5.9411491487740674e-05	
787	5.9387317638278804e-05	
788	5.9362718794935585e-05	
789	5.933780825476528e-05	
790	5.931258315935598e-05	
791	5.9286261343264156e-05	
792	5.925848914297863e-05	
793	5.923049489605806e-05	
794	5.920211892121837e-05	
795	5.917338096748738e-05	
796	5.9144097057079694e-05	
797	5.911430707783438e-05	
798	5.9084648325681754e-05	
799	5.905474284060931e-05	
800	5.928927644812835e-05	
801	5.752174495553065e-05	
802	5.706677412880319e-05	
803	5.729078904031277e-05	
804	5.732907616870112e-05	
805	5.724066275953581e-05	
806	5.72928991979487e-05	
807	5.734229905231457e-05	
808	5.7375357885445866e-05	
809	5.741011253641253e-05	
810	5.745181234877756e-05	
811	5.7497339054992024e-05	
812	5.754656142796323e-05	
813	5.759931523893361e-05	
814	5.76581951463595e-05	
815	5.7723352126361404e-05	
816	5.779682318721565e-05	
817	5.788051203126088e-05	
818	5.797623816761188e-05	
819	5.80878446011671e-05	
820	5.8218514303527104e-05	
821	5.8373190768179484e-05	
822	5.8557488955557346e-05	
823	5.87755813674968e-05	
824	5.903137701222606e-05	
825	5.932010753895156e-05	
826	5.962585276263001e-05	
827	5.9904983312922665e-05	
828	6.0094689615652896e-05	
829	6.012251729511523e-05	
830	5.995547456093066e-05	
831	5.963108079803143e-05	
832	5.923600942229054e-05	
833	5.886560302315047e-05	
834	5.8576731914529644e-05	
835	5.838462350636421e-05	
836	5.8268627721450427e-05	
837	5.820059465934589e-05	
838	5.815599433844909e-05	
839	5.812032694458529e-05	
840	5.808589399488743e-05	
841	5.8053162709776575e-05	
842	5.802004800768502e-05	
843	5.7986738413871664e-05	
844	5.795634790826755e-05	
845	5.792620751370643e-05	
846	5.789702169879872e-05	
847	5.787035921197717e-05	
848	5.7844442770666706e-05	
849	5.781848267361056e-05	
850	5.779300084083973e-05	
851	5.776872577761034e-05	
852	5.7745080604425834e-05	
853	5.7720779425705716e-05	
854	5.7696118996578404e-05	
855	5.767293311821829e-05	
856	5.764995876234025e-05	
857	5.762635737482924e-05	
858	5.7603163051161186e-05	
859	5.758045946484864e-05	
860	5.755791348097513e-05	
861	5.753420945049064e-05	
862	5.751123743331326e-05	
863	5.74894487986707e-05	
864	5.746668622513036e-05	
865	5.744378449890064e-05	
866	5.742190686370512e-05	
867	5.7399710905363986e-05	
868	5.7376549453433e-05	
869	5.735444743290178e-05	
870	5.73319777166554e-05	
871	5.730899842352041e-05	
872	5.728755669614267e-05	
873	5.726492625918971e-05	
874	5.7241707639020334e-05	
875	5.722026552185915e-05	
876	5.719784374897634e-05	
877	5.717600808046492e-05	
878	5.71538426551602e-05	
879	5.713147038477473e-05	
880	5.7109311455860734e-05	
881	5.7086764302636895e-05	
882	5.7064177521429625e-05	
883	5.704111806283306e-05	
884	5.701937555256466e-05	
885	5.6996855944037505e-05	
886	5.697422706621832e-05	
887	5.695115136664494e-05	
888	5.6929028947446826e-05	
889	5.690641657046009e-05	
890	5.688271916629414e-05	
891	5.6860500210729826e-05	
892	5.683818354944898e-05	
893	5.681464296815518e-05	
894	5.67921043901671e-05	
895	5.676909872168575e-05	
896	5.6746002363589855e-05	
897	5.672277425869002e-05	
898	5.6699852133793426e-05	
899	5.667668275626576e-05	
900	5.654939312600098e-05	
901	5.547297717255008e-05	
902	5.522678137432584e-05	
903	5.521689035958843e-05	
904	5.5194448058110925e-05	
905	5.518378397287701e-05	
906	5.519514797924785e-05	
907	5.519812267656172e-05	
908	5.519130042687591e-05	
909	5.519248874666768e-05	
910	5.519773990922009e-05	
911	5.520353793794389e-05	
912	5.5208823401439334e-05	
913	5.521490324359287e-05	
914	5.522244386416527e-05	
915	5.5230846815642766e-05	
916	5.523982041008172e-05	
917	5.5249474046701964e-05	
918	5.525919628520829e-05	
919	5.526962013391312e-05	
920	5.527993679217096e-05	
921	5.529053305508569e-05	
922	5.5301339151420894e-05	
923	5.531189565642437e-05	
924	5.532185722196508e-05	
925	5.5332712820797625e-05	
926	5.534203098380074e-05	
927	5.535236362317976e-05	
928	5.536096900219231e-05	
929	5.5370533378403965e-05	
930	5.537782284851086e-05	
931	5.5386339876609524e-05	
932	5.5392576801490835e-05	
933	5.540026086237049e-05	
934	5.54057640848831e-05	
935	5.5410641575040896e-05	
936	5.541521360490671e-05	
937	5.541910780136407e-05	
938	5.542156616554296e-05	
939	5.5423334742954466e-05	
940	5.542424501722313e-05	
941	5.5424275810115174e-05	
942	5.542268029655263e-05	
943	5.542007173582013e-05	
944	5.541677468759839e-05	
945	5.54126898870371e-05	
946	5.540725747518341e-05	
947	5.540089049255974e-05	
948	5.539318070597281e-05	
949	5.538473422867745e-05	
950	5.537617627331721e-05	
951	5.5366823289659806e-05	
952	5.535699087236675e-05	
953	5.5346624451755944e-05	
954	5.5335285131669866e-05	
955	5.532338946068194e-05	
956	5.5311722982358856e-05	
957	5.529959668950012e-05	
958	5.528732591691161e-05	
959	5.5274870906682084e-05	
960	5.5262248809283066e-05	
961	5.524909582683384e-05	
962	5.523610993155411e-05	
963	5.522374678028947e-05	
964	5.521054468512635e-05	
965	5.519749265658902e-05	
966	5.518425249257624e-05	
967	5.5170905527899906e-05	
968	5.515764691413746e-05	
969	5.5143935501941345e-05	
970	5.5130954933702014e-05	
971	5.511717803788737e-05	
972	5.5103314220364806e-05	
973	5.509031533230362e-05	
974	5.5077382187716595e-05	
975	5.506383123637144e-05	
976	5.5049954815850856e-05	
977	5.503660928038049e-05	
978	5.5023667690485513e-05	
979	5.500977100122587e-05	
980	5.499652719923428e-05	
981	5.498363173371347e-05	
982	5.497040196392585e-05	
983	5.4956539575609244e-05	
984	5.4943547313866604e-05	
985	5.493079346966364e-05	
986	5.491684169101063e-05	
987	5.49039192005044e-05	
988	5.4890875227491574e-05	
989	5.48782776864495e-05	
990	5.486495384892416e-05	
991	5.485181281983387e-05	
992	5.483875000728793e-05	
993	5.4824943487931576e-05	
994	5.481256799352455e-05	
995	5.479992017041825e-05	
996	5.4786858787078275e-05	
997	5.477444119605934e-05	
998	5.476109760950619e-05	
999	5.4748799162293184e-05	
1000	5.48105460568747e-05	
1001	5.4190922907894545e-05	
1002	5.4654494046449796e-05	
1003	5.4731888797375306e-05	
1004	5.478891151662018e-05	
1005	5.495023781674847e-05	
1006	5.50372367017969e-05	
1007	5.5070736639858554e-05	
1008	5.505158839826306e-05	
1009	5.496532022724361e-05	
1010	5.482119805882186e-05	
1011	5.464039337052132e-05	
1012	5.444654340992981e-05	
1013	5.426342405761326e-05	
1014	5.411018069675525e-05	
1015	5.399443385353412e-05	
1016	5.391313256300886e-05	
1017	5.385761986482456e-05	
1018	5.381828382918944e-05	
1019	5.378812017754951e-05	
1020	5.376322990611827e-05	
1021	5.374028049638062e-05	
1022	5.371942435366301e-05	
1023	5.370046151905886e-05	
1024	5.368252511418957e-05	
1025	5.366636469261721e-05	
1026	5.36514138989982e-05	
1027	5.36376141358882e-05	
1028	5.362480208402433e-05	
1029	5.361314288165886e-05	
1030	5.3601841370566816e-05	
1031	5.3591699595147346e-05	
1032	5.3581527676474904e-05	
1033	5.3572229262499604e-05	
1034	5.356332504951362e-05	
1035	5.3554629890381224e-05	
1036	5.354664062906522e-05	
1037	5.3538284711456594e-05	
1038	5.353115362335562e-05	
1039	5.352338069185082e-05	
1040	5.351668473200074e-05	
1041	5.35098103812613e-05	
1042	5.350283533646559e-05	
1043	5.3496584379380306e-05	
1044	5.34897908437415e-05	
1045	5.3483784540730994e-05	
1046	5.347779434876949e-05	
1047	5.3471518575471623e-05	
1048	5.346614917860799e-05	
1049	5.346019926426899e-05	
1050	5.3454150085079686e-05	
1051	5.3447707484467954e-05	
1052	5.344220179332686e-05	
1053	5.343631437426666e-05	
1054	5.342983604350593e-05	
1055	5.342293531742014e-05	
1056	5.3416527407534886e-05	
1057	5.340931823281737e-05	
1058	5.340161624189932e-05	
1059	5.339369454304688e-05	
1060	5.338530653326805e-05	
1061	5.3376309811678114e-05	
1062	5.33673472611034e-05	
1063	5.3357918919313564e-05	
1064	5.334776363140138e-05	
1065	5.333782272438319e-05	
1066	5.3327750590272315e-05	
1067	5.33175637299012e-05	
1068	5.3306754125515e-05	
1069	5.329559475545206e-05	
1070	5.328466353863145e-05	
1071	5.3273917079163115e-05	
1072	5.326250577906778e-05	
1073	5.325114073327443e-05	
1074	5.323971657032546e-05	
1075	5.3228275256904976e-05	
1076	5.321811477188021e-05	
1077	5.320712261891458e-05	
1078	5.3195424048421304e-05	
1079	5.318419893488421e-05	
1080	5.317399921165945e-05	
1081	5.3163182980954715e-05	
1082	5.315206570750368e-05	
1083	5.314100859063079e-05	
1084	5.312980959258441e-05	
1085	5.311885485882938e-05	
1086	5.310775902346775e-05	
1087	5.3097961296901174e-05	
1088	5.3087325406003015e-05	
1089	5.3076236586743365e-05	
1090	5.3065528326052504e-05	
1091	5.305471846181068e-05	
1092	5.304407711394431e-05	
1093	5.303420052119431e-05	
1094	5.3023864373764286e-05	
1095	5.301286221635694e-05	
1096	5.300157317833509e-05	
1097	5.299143971829575e-05	
1098	5.2981897949523826e-05	
1099	5.297229862273005e-05	
1100	5.283735481498297e-05	
1101	5.216976699427635e-05	
1102	5.2190618199737014e-05	
1103	5.208369436461778e-05	
1104	5.2082429647271056e-05	
1105	5.206709530674354e-05	
1106	5.20366438649944e-05	
1107	5.2026750251700703e-05	
1108	5.2015563726724524e-05	
1109	5.200558176251694e-05	
1110	5.200084498418229e-05	
1111	5.199522703540944e-05	
1112	5.199058809271914e-05	
1113	5.198704729991732e-05	
1114	5.198332213954667e-05	
1115	5.198071046054663e-05	
1116	5.197841307692995e-05	
1117	5.19760373468411e-05	
1118	5.1974663749985795e-05	
1119	5.1972845800004765e-05	
1120	5.1971892649557306e-05	
1121	5.19704162798007e-05	
1122	5.197010588225177e-05	
1123	5.1968976939471236e-05	
1124	5.196873813214812e-05	
1125	5.19682312837436e-05	
1126	5.196783877181588e-05	
1127	5.196761451640798e-05	
1128	5.1967435086096104e-05	
1129	5.196733556139017e-05	
1130	5.1967345305976255e-05	
1131	5.1967557088313955e-05	
1132	5.196729216550011e-05	
1133	5.196775925599338e-05	
1134	5.196789892839401e-05	
1135	5.1967793946719863e-05	
1136	5.1967804081089396e-05	
1137	5.196787463189269e-05	
1138	5.196842396669256e-05	
1139	5.1968398890624356e-05	
1140	5.196814306275753e-05	
1141	5.1968503352587246e-05	
1142	5.1968423446981304e-05	
1143	5.196753824878085e-05	
1144	5.196704426322997e-05	
1145	5.1966352007834106e-05	
1146	5.196506481297547e-05	
1147	5.196337302290236e-05	
1148	5.196146113511142e-05	
1149	5.195915530618679e-05	
1150	5.195642383374174e-05	
1151	5.195298945182003e-05	
1152	5.1949570141524805e-05	
1153	5.1945612670221764e-05	
1154	5.194102647822417e-05	
1155	5.1935769988631364e-05	
1156	5.193034602208562e-05	
1157	5.1924512523068446e-05	
1158	5.1918864171186995e-05	
1159	5.191284721409569e-05	
1160	5.190678906988718e-05	
1161	5.189944152204719e-05	
1162	5.189299983093016e-05	
1163	5.188594695937354e-05	
1164	5.187881924939575e-05	
1165	5.1871940091327163e-05	
1166	5.186508808817182e-05	
1167	5.185714716000283e-05	
1168	5.1849651104670814e-05	
1169	5.184246401768178e-05	
1170	5.183484531049284e-05	
1171	5.182748386037669e-05	
1172	5.1819900883336754e-05	
1173	5.181191149209293e-05	
1174	5.180381270162927e-05	
1175	5.1796106812876784e-05	
1176	5.178795007460784e-05	
1177	5.178041127302484e-05	
1178	5.17722777918347e-05	
1179	5.176418432841144e-05	
1180	5.175657458624171e-05	
1181	5.174839770916151e-05	
1182	5.174007024574426e-05	
1183	5.17324003469964e-05	
1184	5.1724595972960484e-05	
1185	5.1716160539529354e-05	
1186	5.1708195964498115e-05	
1187	5.170002012684043e-05	
1188	5.169197577613106e-05	
1189	5.168377577189988e-05	
1190	5.167544207194753e-05	
1191	5.166768746026459e-05	
1192	5.1659243581525516e-05	
1193	5.165147714641145e-05	
1194	5.1643033137744556e-05	
1195	5.1634695929741224e-05	
1196	5.162650683944646e-05	
1197	5.1618260321057665e-05	
1198	5.161052441898002e-05	
1199	5.1602061700707835e-05	
1200	5.155004847828033e-05	
1201	5.111483720351576e-05	
1202	5.11401627331257e-05	
1203	5.1030170522738316e-05	
1204	5.102252232193548e-05	
1205	5.0977096439705095e-05	
1206	5.0953869634083405e-05	
1207	5.093993240734562e-05	
1208	5.092354019455213e-05	
1209	5.091104217821599e-05	
1210	5.0899891773172256e-05	
1211	5.088929564018534e-05	
1212	5.088013650882723e-05	
1213	5.087172823030934e-05	
1214	5.086417929435681e-05	
1215	5.0856910612700244e-05	
1216	5.0850498155341484e-05	
1217	5.084448171796144e-05	
1218	5.083867147602307e-05	
1219	5.083353581929779e-05	
1220	5.0828558934361876e-05	
1221	5.082395909994375e-05	
1222	5.0819464247199774e-05	
1223	5.081540127451133e-05	
1224	5.081164402197048e-05	
1225	5.0807756841615106e-05	
1226	5.080432934586757e-05	
1227	5.080124187121068e-05	
1228	5.079785751149757e-05	
1229	5.079499533167109e-05	
1230	5.0792395735957795e-05	
1231	5.0789393104163795e-05	
1232	5.078716744070074e-05	
1233	5.0784393481860335e-05	
1234	5.078215521539927e-05	
1235	5.0779838342610416e-05	
1236	5.0777475995086464e-05	
1237	5.077588515892525e-05	
1238	5.0773349877480154e-05	
1239	5.077163950772956e-05	
1240	5.076925091478708e-05	
1241	5.0767942151911226e-05	
1242	5.0765317610057537e-05	
1243	5.076422569670415e-05	
1244	5.07619661220815e-05	
1245	5.076001850414157e-05	
1246	5.075795927820893e-05	
1247	5.075625319607623e-05	
1248	5.0754314803011115e-05	
1249	5.07516846742614e-05	
1250	5.0749916746488975e-05	
1251	5.0747526594412716e-05	
1252	5.074518490541128e-05	
1253	5.0742834771101896e-05	
1254	5.073997518983171e-05	
1255	5.073709157191583e-05	
1256	5.073427265805159e-05	
1257	5.073122728000661e-05	
1258	5.072777613739683e-05	
1259	5.0723968083080505e-05	
1260	5.072058671170713e-05	
1261	5.071687389447886e-05	
1262	5.0712632920684495e-05	
1263	5.070821147715573e-05	
1264	5.070404404250439e-05	
1265	5.069956854900478e-05	
1266	5.069445939755367e-05	
1267	5.0689538511505816e-05	
1268	5.068469973983676e-05	
1269	5.067961410532007e-05	
1270	5.067433137030873e-05	
1271	5.066849033547831e-05	
1272	5.06631237970266e-05	
1273	5.065727860450612e-05	
1274	5.065168456245114e-05	
1275	5.064595565532467e-05	
1276	5.0639963644373764e-05	
1277	5.0633975271401664e-05	
1278	5.062799508388187e-05	
1279	5.062225344382958e-05	
1280	5.061586086542645e-05	
1281	5.06096781204438e-05	
1282	5.0603295546482385e-05	
1283	5.059717360771694e-05	
1284	5.059068280388601e-05	
1285	5.058458074407619e-05	
1286	5.057805083197309e-05	
1287	5.057176661336728e-05	
1288	5.0565454460281346e-05	
1289	5.0559074225020595e-05	
1290	5.055239645506455e-05	
1291	5.054578559793299e-05	
1292	5.0539444470944416e-05	
1293	5.0532932618807536e-05	
1294	5.052644025584284e-05	
1295	5.0520062619138374e-05	
1296	5.05133237831095e-05	
1297	5.0506950434022914e-05	
1298	5.050034256523109e-05	
1299	5.049373950376841e-05	
1300	5.049983454747624e-05	
1301	5.035484043349113e-05	
1302	5.050362246298131e-05	
1303	5.04845821913997e-05	
1304	5.056790918648143e-05	
1305	5.063681640292218e-05	
1306	5.077850008612066e-05	
1307	5.093825724803277e-05	
1308	5.102436106036683e-05	
1309	5.0860096572640554e-05	
1310	5.059495548006713e-05	
1311	5.04515466153472e-05	
1312	5.04283277353222e-05	
1313	5.0445644514443953e-05	
1314	5.0457148582998866e-05	
1315	5.045469073853123e-05	
1316	5.044697809353238e-05	
1317	5.04394599504719e-05	
1318	5.0433022287117115e-05	
1319	5.042683564430003e-05	
1320	5.042075892041404e-05	
1321	5.041459527482013e-05	
1322	5.040834860535272e-05	
1323	5.040227396031176e-05	
1324	5.039622309206087e-05	
1325	5.039019613052785e-05	
1326	5.0384338205081546e-05	
1327	5.037786338237181e-05	
1328	5.0371814073254685e-05	
1329	5.036575242099518e-05	
1330	5.0359658936421124e-05	
1331	5.0353864805531756e-05	
1332	5.034784719880138e-05	
1333	5.034184726225378e-05	
1334	5.033592866051809e-05	
1335	5.0330006810587035e-05	
1336	5.0323929437061974e-05	
1337	5.031822989362159e-05	
1338	5.0312384960956737e-05	
1339	5.030667697220841e-05	
1340	5.0300890247204476e-05	
1341	5.029542405411901e-05	
1342	5.0289778950432916e-05	
1343	5.028402418767135e-05	
1344	5.02783990928687e-05	
1345	5.027244086314957e-05	
1346	5.026674248905952e-05	
1347	5.026136373739324e-05	
1348	5.025600915230045e-05	
1349	5.025057713023021e-05	
1350	5.0244928128709686e-05	
1351	5.023950039425732e-05	
1352	5.023409591688376e-05	
1353	5.022860178931816e-05	
1354	5.022340610594256e-05	
1355	5.021800370741403e-05	
1356	5.0212741630925196e-05	
1357	5.020696919798086e-05	
1358	5.020198048961382e-05	
1359	5.019672140146473e-05	
1360	5.019167877305465e-05	
1361	5.018624558163408e-05	
1362	5.018096440575651e-05	
1363	5.017559085120281e-05	
1364	5.0170467277764275e-05	
1365	5.016548116795353e-05	
1366	5.016050662171827e-05	
1367	5.0155291579098306e-05	
1368	5.014984604453535e-05	
1369	5.0144889168482874e-05	
1370	5.013966451120463e-05	
1371	5.013443270789659e-05	
1372	5.012967059363811e-05	
1373	5.0124715536575036e-05	
1374	5.0119521152477576e-05	
1375	5.0114916250874687e-05	
1376	5.010985036538581e-05	
1377	5.010468638439696e-05	
1378	5.009920823795255e-05	
1379	5.009397253681007e-05	
1380	5.008906347419335e-05	
1381	5.008404033495546e-05	
1382	5.007945258382408e-05	
1383	5.0074526240808025e-05	
1384	5.006959872844163e-05	
1385	5.006444825994549e-05	
1386	5.00592847986679e-05	
1387	5.005459544398556e-05	
1388	5.004957230474767e-05	
1389	5.0044518242689916e-05	
1390	5.0039825509884395e-05	
1391	5.003466685593594e-05	
1392	5.0029745060393384e-05	
1393	5.002456821655089e-05	
1394	5.0019672796354697e-05	
1395	5.001465667321879e-05	
1396	5.0009938084778173e-05	
1397	5.0005293165408406e-05	
1398	5.00002546946884e-05	
1399	4.999504497910883e-05	
1400	4.984869337931741e-05	
1401	5.000693636247888e-05	
1402	5.0015397781472916e-05	
1403	5.012531931112919e-05	
1404	5.011417501269274e-05	
1405	5.012646358539184e-05	
1406	5.013268855691422e-05	
1407	5.013733035801644e-05	
1408	5.014016876105286e-05	
1409	5.014097496314207e-05	
1410	5.0140318437895204e-05	
1411	5.013801429803217e-05	
1412	5.0134022655713905e-05	
1413	5.0128787474282687e-05	
1414	5.012217934563523e-05	
1415	5.011450697825889e-05	
1416	5.010614235548668e-05	
1417	5.009659811808628e-05	
1418	5.008657314777208e-05	
1419	5.007608914248911e-05	
1420	5.006500824882616e-05	
1421	5.005378092651621e-05	
1422	5.00422849134858e-05	
1423	5.0030548793854124e-05	
1424	5.001877603457875e-05	
1425	5.000717737857485e-05	
1426	4.9995285085710096e-05	
1427	4.998392380782336e-05	
1428	4.9972396612117465e-05	
1429	4.9960998434731406e-05	
1430	4.994986128232475e-05	
1431	4.9938898622973026e-05	
1432	4.992809317627689e-05	
1433	4.9917349705148286e-05	
1434	4.990698120569245e-05	
1435	4.9896561644605496e-05	
1436	4.9886538753136324e-05	
1437	4.987657471896715e-05	
1438	4.986697851044093e-05	
1439	4.985720274167501e-05	
1440	4.984798657200632e-05	
1441	4.983845467774829e-05	
1442	4.982948641034974e-05	
1443	4.9820350925853874e-05	
1444	4.981167408654333e-05	
1445	4.980280625334542e-05	
1446	4.9794284028134174e-05	
1447	4.978585301224874e-05	
1448	4.977749449608382e-05	
1449	4.9769258501848003e-05	
1450	4.976115178578766e-05	
1451	4.975294190704257e-05	
1452	4.974509218819938e-05	
1453	4.973724545769593e-05	
1454	4.9729455895430874e-05	
1455	4.972183264076843e-05	
1456	4.971415390692917e-05	
1457	4.970660445126539e-05	
1458	4.969912411719893e-05	
1459	4.969189038612447e-05	
1460	4.968445578664874e-05	
1461	4.967726233319679e-05	
1462	4.967009330617397e-05	
1463	4.966303770613324e-05	
1464	4.965580033707998e-05	
1465	4.964889506352067e-05	
1466	4.9641880000958084e-05	
1467	4.963502734816367e-05	
1468	4.962816858876197e-05	
1469	4.962135348510596e-05	
1470	4.9614529936142e-05	
1471	4.9607826830262116e-05	
1472	4.960102523909882e-05	
1473	4.959449935475797e-05	
1474	4.958781352927742e-05	
1475	4.958124892644784e-05	
1476	4.957476344965731e-05	
1477	4.956826121217871e-05	
1478	4.956180860712526e-05	
1479	4.955548177219628e-05	
1480	4.9548935229332915e-05	
1481	4.954274754709331e-05	
1482	4.953627311416702e-05	
1483	4.9529921592953284e-05	
1484	4.952360515224947e-05	
1485	4.9517408894774106e-05	
1486	4.9511067897713345e-05	
1487	4.9505112526406136e-05	
1488	4.9498642770881164e-05	
1489	4.949260957281305e-05	
1490	4.948636641139663e-05	
1491	4.9480471326595375e-05	
1492	4.947416034285977e-05	
1493	4.9468175867722107e-05	
1494	4.9462046133287784e-05	
1495	4.9456097908010376e-05	
1496	4.944999974603499e-05	
1497	4.9443869491889405e-05	
1498	4.943804170969608e-05	
1499	4.9431843893086936e-05	
1500	4.9386842225171025e-05	
1501	4.961258361748021e-05	
1502	4.9708501137502026e-05	
1503	4.981374357677331e-05	
1504	4.995187568316136e-05	
1505	5.0007220904392723e-05	
1506	4.9999677425408405e-05	
1507	5.001452284756981e-05	
1508	5.00149499202962e-05	
1509	4.9940824283112306e-05	
1510	4.9863708097421166e-05	
1511	4.984650760369342e-05	
1512	4.987763376058345e-05	
1513	4.992497854670676e-05	
1514	4.9973469426082116e-05	
1515	5.002325958360286e-05	
1516	5.0077635283482126e-05	
1517	5.013766985939583e-05	
1518	5.02017282997258e-05	
1519	5.026714500542896e-05	
1520	5.032986220092945e-05	
1521	5.038480412622448e-05	
1522	5.0425614582698995e-05	
1523	5.044517599474473e-05	
1524	5.043704342304929e-05	
1525	5.039631651015952e-05	
1526	5.0322856753025136e-05	
1527	5.0220628898906785e-05	
1528	5.009833889094547e-05	
1529	4.996665159394199e-05	
1530	4.983591900651975e-05	
1531	4.9714622296700585e-05	
1532	4.960846464590369e-05	
1533	4.9520363323348905e-05	
1534	4.9450286886505114e-05	
1535	4.9396567581944896e-05	
1536	4.935617081563188e-05	
1537	4.9326226741998524e-05	
1538	4.930374741109388e-05	
1539	4.928665540709127e-05	
1540	4.927342823585994e-05	
1541	4.926270958094392e-05	
1542	4.9253893329088374e-05	
1543	4.924661906053578e-05	
1544	4.924033289301276e-05	
1545	4.923499298976302e-05	
1546	4.923023581276149e-05	
1547	4.922618596278231e-05	
1548	4.9222673624171875e-05	
1549	4.921954587189248e-05	
1550	4.92168687092739e-05	
1551	4.9214512208501606e-05	
1552	4.9212422449532566e-05	
1553	4.921056967889724e-05	
1554	4.920899274501218e-05	
1555	4.920751403655491e-05	
1556	4.9206178248693633e-05	
1557	4.920490495611115e-05	
1558	4.920365686952469e-05	
1559	4.9202533383712375e-05	
1560	4.920165416219139e-05	
1561	4.9200753502581005e-05	
1562	4.919977020888057e-05	
1563	4.9198787304963586e-05	
1564	4.9197852734193604e-05	
1565	4.919688970923224e-05	
1566	4.91959680013159e-05	
1567	4.919503226119559e-05	
1568	4.9193925795926976e-05	
1569	4.919286246669279e-05	
1570	4.919174833568312e-05	
1571	4.919063303532312e-05	
1572	4.9189348049237325e-05	
1573	4.9188057346327696e-05	
1574	4.918663853459293e-05	
1575	4.9185167881660163e-05	
1576	4.918355937531617e-05	
1577	4.91820260971768e-05	
1578	4.918041109444208e-05	
1579	4.917853740542861e-05	
1580	4.9176637211140974e-05	
1581	4.9174632295034826e-05	
1582	4.9172661809799525e-05	
1583	4.9170718219621836e-05	
1584	4.9168531924286594e-05	
1585	4.916619530246992e-05	
1586	4.916378332252082e-05	
1587	4.91614221443472e-05	
1588	4.9158871401492176e-05	
1589	4.915631078412324e-05	
1590	4.915355150712587e-05	
1591	4.9150912543284774e-05	
1592	4.914807323075365e-05	
1593	4.9145246261364915e-05	
1594	4.914230638470534e-05	
1595	4.91391729156021e-05	
1596	4.913601514999755e-05	
1597	4.9132849588724116e-05	
1598	4.912971546998181e-05	
1599	4.912640451948391e-05	
1600	4.900900018713271e-05	
1601	4.880539836449316e-05	
1602	4.872288952485958e-05	
1603	4.869194968445559e-05	
1604	4.866926376832582e-05	
1605	4.865683032611352e-05	
1606	4.865375506467119e-05	
1607	4.8653733106870535e-05	
1608	4.865072657724211e-05	
1609	4.864836059173935e-05	
1610	4.864623211428157e-05	
1611	4.864421264626019e-05	
1612	4.8642368710716255e-05	
1613	4.864071576905969e-05	
1614	4.8639266684144135e-05	
1615	4.86379410306524e-05	
1616	4.8636856523184436e-05	
1617	4.863589973475817e-05	
1618	4.86349902400564e-05	
1619	4.8634239906927436e-05	
1620	4.863366536613155e-05	
1621	4.863302196359395e-05	
1622	4.8632476266772884e-05	
1623	4.8632226415585524e-05	
1624	4.863181259549622e-05	
1625	4.863151194253338e-05	
1626	4.86312806710235e-05	
1627	4.863102549279574e-05	
1628	4.8630919081915636e-05	
1629	4.8630773692691166e-05	
1630	4.86306587065753e-05	
1631	4.863060517631571e-05	
1632	4.863056554833227e-05	
1633	4.863042938398264e-05	
1634	4.8630383129680664e-05	
1635	4.8630354285705835e-05	
1636	4.8630168488931046e-05	
1637	4.863006987371981e-05	
1638	4.862987004474105e-05	
1639	4.8629668396772884e-05	
1640	4.8629452846528564e-05	
1641	4.8629229890398816e-05	
1642	4.862906293315713e-05	
1643	4.862861520190823e-05	
1644	4.862815863556794e-05	
1645	4.862771701092632e-05	
1646	4.8627329566183365e-05	
1647	4.862673280773119e-05	
1648	4.862601105872143e-05	
1649	4.862538324752157e-05	
1650	4.862467890883896e-05	
1651	4.862391155516629e-05	
1652	4.8623020640142e-05	
1653	4.862203279896805e-05	
1654	4.862107912880934e-05	
1655	4.8620027103295017e-05	
1656	4.8618896731308526e-05	
1657	4.861761447370684e-05	
1658	4.8616439666407783e-05	
1659	4.861517806732861e-05	
1660	4.8613670644824326e-05	
1661	4.861226612514916e-05	
1662	4.861080014961772e-05	
1663	4.86092021674267e-05	
1664	4.860757910916748e-05	
1665	4.860602270387712e-05	
1666	4.8604246070941114e-05	
1667	4.8602346916076e-05	
1668	4.860048920818372e-05	
1669	4.85986543675868e-05	
1670	4.859685395786073e-05	
1671	4.859488113392477e-05	
1672	4.85928938880014e-05	
1673	4.8590805558238313e-05	
1674	4.858868578594411e-05	
1675	4.858656341509361e-05	
1676	4.8584282922092825e-05	
1677	4.858210052459201e-05	
1678	4.8579954506879274e-05	
1679	4.8577792508045346e-05	
1680	4.85755114953333e-05	
1681	4.8573313636422555e-05	
1682	4.8570889183403256e-05	
1683	4.856853502133163e-05	
1684	4.856628415187255e-05	
1685	4.8563821370147965e-05	
1686	4.8561355600083645e-05	
1687	4.8558940761722624e-05	
1688	4.855657737477616e-05	
1689	4.8554094844023765e-05	
1690	4.85516572682952e-05	
1691	4.8549270234486486e-05	
1692	4.8546698703181134e-05	
1693	4.8544127691587035e-05	
1694	4.8541583834906176e-05	
1695	4.8539009315261084e-05	
1696	4.853660240249675e-05	
1697	4.8534092067192045e-05	
1698	4.853144816609399e-05	
1699	4.852882011618931e-05	
1700	4.8462017990199714e-05	
1701	4.835811471691288e-05	
1702	4.834410784886651e-05	
1703	4.8318515967236764e-05	
1704	4.83205278994449e-05	
1705	4.832098823369181e-05	
1706	4.8320671469679966e-05	
1707	4.832005184393243e-05	
1708	4.831819881344147e-05	
1709	4.831715354417351e-05	
1710	4.831578839262615e-05	
1711	4.831479184628863e-05	
1712	4.83138014065584e-05	
1713	4.831262724889841e-05	
1714	4.831159692132912e-05	
1715	4.831057880697439e-05	
1716	4.830953483698457e-05	
1717	4.830844084478615e-05	
1718	4.830743910133606e-05	
1719	4.830631249725619e-05	
1720	4.830529516246835e-05	
1721	4.8304294848224216e-05	
1722	4.830321060061189e-05	
1723	4.8302098808302875e-05	
1724	4.8301046263077296e-05	
1725	4.829993862845835e-05	
1726	4.8298790976072527e-05	
1727	4.829773427315688e-05	
1728	4.829646942588235e-05	
1729	4.829540752585412e-05	
1730	4.829429183571067e-05	
1731	4.8292892383220275e-05	
1732	4.829179423333179e-05	
1733	4.829058005790492e-05	
1734	4.828925999130921e-05	
1735	4.828790367485324e-05	
1736	4.828658191919593e-05	
1737	4.828518792367374e-05	
1738	4.828376612359924e-05	
1739	4.82823877194148e-05	
1740	4.828091992489395e-05	
1741	4.827919942077382e-05	
1742	4.8277654838914585e-05	
1743	4.8276080503585816e-05	
1744	4.8274375850659066e-05	
1745	4.827273148423826e-05	
1746	4.827097823830887e-05	
1747	4.826919458927088e-05	
1748	4.826720266594618e-05	
1749	4.8265279994146635e-05	
1750	4.8263324970321264e-05	
1751	4.826129302922969e-05	
1752	4.8259201711126866e-05	
1753	4.8256984363043944e-05	
1754	4.8254934751769595e-05	
1755	4.825265127042907e-05	
1756	4.8250346091143524e-05	
1757	4.8248062609803e-05	
1758	4.824561022230357e-05	
1759	4.8243185119645204e-05	
1760	4.824067452448487e-05	
1761	4.823813937296758e-05	
1762	4.823553535970859e-05	
1763	4.823289912435159e-05	
1764	4.823012698450059e-05	
1765	4.822735081688734e-05	
1766	4.82246194743701e-05	
1767	4.822175014851382e-05	
1768	4.8218877704389994e-05	
1769	4.821592041740327e-05	
1770	4.821296339027218e-05	
1771	4.820990086175568e-05	
1772	4.820677025106436e-05	
1773	4.820361443437703e-05	
1774	4.820052721957576e-05	
1775	4.819725303864938e-05	
1776	4.819400939075942e-05	
1777	4.819079809489527e-05	
1778	4.818763175405495e-05	
1779	4.818427506896634e-05	
1780	4.818089421730422e-05	
1781	4.817747360773085e-05	
1782	4.817404208422106e-05	
1783	4.8170625762265574e-05	
1784	4.816713304275514e-05	
1785	4.816364720941887e-05	
1786	4.8160183723666705e-05	
1787	4.815661122847814e-05	
1788	4.815307069553195e-05	
1789	4.8149560695622184e-05	
1790	4.814600729982236e-05	
1791	4.8142380494807314e-05	
1792	4.813873627946512e-05	
1793	4.813498968100508e-05	
1794	4.813137937682248e-05	
1795	4.812778908152333e-05	
1796	4.812407600443943e-05	
1797	4.812043347815883e-05	
1798	4.8116796148990814e-05	
1799	4.81131177626334e-05	
1800	4.80613404891171e-05	
1801	4.7968124428215173e-05	
1802	4.7978441606184265e-05	
1803	4.7951799518029604e-05	
1804	4.794552530386552e-05	
1805	4.7944716763075644e-05	
1806	4.794241366263512e-05	
1807	4.794028934286741e-05	
1808	4.794121105078375e-05	
1809	4.7940949765948714e-05	
1810	4.7941246391149305e-05	
1811	4.7941690354491584e-05	
1812	4.794250980921788e-05	
1813	4.7943328614305104e-05	
1814	4.794424148713006e-05	
1815	4.794527779137882e-05	
1816	4.7946363857980554e-05	
1817	4.7947468634187575e-05	
1818	4.794868566802636e-05	
1819	4.794990088287575e-05	
1820	4.795127694835953e-05	
1821	4.795246786670759e-05	
1822	4.795382067511257e-05	
1823	4.795519687052417e-05	
1824	4.795658216088279e-05	
1825	4.795788429744009e-05	
1826	4.795941367774503e-05	
1827	4.796067748559706e-05	
1828	4.796213527567618e-05	
1829	4.796351264043811e-05	
1830	4.796485089692786e-05	
1831	4.7966349874124194e-05	
1832	4.796770073361196e-05	
1833	4.796908160642488e-05	
1834	4.797046390844376e-05	
1835	4.7971843741834164e-05	
1836	4.7973157052183524e-05	
1837	4.797446672455408e-05	
1838	4.79758065401776e-05	
1839	4.7977169223096485e-05	
1840	4.797838807592468e-05	
1841	4.797975894429588e-05	
1842	4.798092218801945e-05	
1843	4.7982223674937685e-05	
1844	4.798342641671687e-05	
1845	4.798458849109011e-05	
1846	4.798571951271567e-05	
1847	4.798689561929288e-05	
1848	4.7988101869123057e-05	
1849	4.798915220557579e-05	
1850	4.799025620221593e-05	
1851	4.7991356041166e-05	
1852	4.7992339984505505e-05	
1853	4.799348010107808e-05	
1854	4.799452796890234e-05	
1855	4.799536249525512e-05	
1856	4.799637957018733e-05	
1857	4.799731985778115e-05	
1858	4.799827846519682e-05	
1859	4.79991450837198e-05	
1860	4.80000762763666e-05	
1861	4.8000789580068416e-05	
1862	4.800164853285034e-05	
1863	4.8002451226888555e-05	
1864	4.800318324019567e-05	
1865	4.8003968004195485e-05	
1866	4.800482072044231e-05	
1867	4.8005372783726284e-05	
1868	4.8006102198477106e-05	
1869	4.800675638502331e-05	
1870	4.800730961765761e-05	
1871	4.800803461486274e-05	
1872	4.80085990212891e-05	
1873	4.800908664037706e-05	
1874	4.8009656373843814e-05	
1875	4.801012463368741e-05	
1876	4.801068007509457e-05	
1877	4.801112468807592e-05	
1878	4.80115525403692e-05	
1879	4.801186592625787e-05	
1880	4.801227883685247e-05	
1881	4.8012766715796064e-05	
1882	4.801309751201188e-05	
1883	4.801343506447405e-05	
1884	4.8013703625266703e-05	
1885	4.8013918006160695e-05	
1886	4.801407703780569e-05	
1887	4.8014270630249355e-05	
1888	4.801447552641288e-05	
1889	4.801464677127244e-05	
1890	4.801475954861546e-05	
1891	4.801487700335981e-05	
1892	4.801497172073661e-05	
1893	4.8015074233782275e-05	
1894	4.801500017492799e-05	
1895	4.8014956129398865e-05	
1896	4.8014984063878986e-05	
1897	4.801496119658363e-05	
1898	4.801484530097306e-05	
1899	4.801473629153666e-05	
1900	4.7921895981874384e-05	
1901	4.791785847503759e-05	
1902	4.7944189126220795e-05	
1903	4.793929708414778e-05	
1904	4.793136927868805e-05	
1905	4.791629544342868e-05	
1906	4.790252543378821e-05	
1907	4.7893608617804216e-05	
1908	4.7886677748465445e-05	
1909	4.788142567641833e-05	
1910	4.7876893144608145e-05	
1911	4.787254666942837e-05	
1912	4.7868248527395606e-05	
1913	4.786411006664691e-05	
1914	4.786000330828496e-05	
1915	4.7855931630432936e-05	
1916	4.78519125733458e-05	
1917	4.7847943148683824e-05	
1918	4.7844048822298646e-05	
1919	4.784010083572606e-05	
1920	4.7836214954648835e-05	
1921	4.783234076707491e-05	
1922	4.782862067388903e-05	
1923	4.782484575116541e-05	
1924	4.782103262966432e-05	
1925	4.7817371263850615e-05	
1926	4.781372003240644e-05	
1927	4.781002501528876e-05	
1928	4.780648227356973e-05	
1929	4.78028627445123e-05	
1930	4.779936521767273e-05	
1931	4.7795799868513965e-05	
1932	4.779229207737704e-05	
1933	4.778888718906923e-05	
1934	4.778548411975082e-05	
1935	4.7782003873310585e-05	
1936	4.7778683827865666e-05	
1937	4.777537196787307e-05	
1938	4.777203970921359e-05	
1939	4.776870342279186e-05	
1940	4.77653892240986e-05	
1941	4.776220937076557e-05	
1942	4.7758991318655065e-05	
1943	4.7755776124956484e-05	
1944	4.775262186740292e-05	
1945	4.77494885282275e-05	
1946	4.774627541337395e-05	
1947	4.774312466387138e-05	
1948	4.7740084223083355e-05	
1949	4.773706210211718e-05	
1950	4.773395409886559e-05	
1951	4.77309113193769e-05	
1952	4.772800353488752e-05	
1953	4.772501389587498e-05	
1954	4.772204517524058e-05	
1955	4.771901720752274e-05	
1956	4.7716073303100916e-05	
1957	4.77132000794102e-05	
1958	4.771035011279829e-05	
1959	4.770744310787579e-05	
1960	4.770461341000295e-05	
1961	4.770170640508046e-05	
1962	4.769885929688046e-05	
1963	4.7696119379127466e-05	
1964	4.769321809102881e-05	
1965	4.7690486358728125e-05	
1966	4.7687684335479776e-05	
1967	4.7684968844155916e-05	
1968	4.768228141723999e-05	
1969	4.767948718966052e-05	
1970	4.767669841904925e-05	
1971	4.767399929863002e-05	
1972	4.7671457260938564e-05	
1973	4.766876099893125e-05	
1974	4.766609773858883e-05	
1975	4.7663501391070895e-05	
1976	4.7660832154049005e-05	
1977	4.765820917132909e-05	
1978	4.765551433852774e-05	
1979	4.7652911884402526e-05	
1980	4.765038998552232e-05	
1981	4.7647862499746096e-05	
1982	4.764528031435995e-05	
1983	4.7642679419368505e-05	
1984	4.7640191561575716e-05	
1985	4.763767031233458e-05	
1986	4.7635043171924606e-05	
1987	4.7632557133121213e-05	
1988	4.7630089024356236e-05	
1989	4.76276088323045e-05	
1990	4.762511006057528e-05	
1991	4.7622654424880496e-05	
1992	4.762017124448903e-05	
1993	4.761772418403e-05	
1994	4.761535624961003e-05	
1995	4.761295011641258e-05	
1996	4.761045108482774e-05	
1997	4.760807834307863e-05	
1998	4.7605796940583135e-05	
1999	4.760332220549961e-05	
2000	4.749150204068948e-05	
