epoch	 loss_proj	
0	0.0012504239450208843	
1	0.0012503547361120582	
2	0.0012503517558798195	
3	0.001250347390305251	
4	0.0012503338395617903	
5	0.0012499944074079393	
6	0.0012666078051552176	
7	0.0012484009028412401	
8	0.0012620051857084036	
9	0.0012479827157221735	
10	0.0012612318270839751	
11	0.0012566627701744437	
12	0.0012567705241963267	
13	0.001240324240643531	
14	0.0012454608106054366	
15	0.0012260230374522506	
16	0.001206100161653012	
17	0.0012113002361729742	
18	0.0012270968756638468	
19	0.0012042002868838607	
20	0.0011523061897605658	
21	0.0010888119228184222	
22	0.0010123722022399306	
23	0.0009408717160113156	
24	0.0009128133417107165	
25	0.0008754815906286239	
26	0.0008417181437835097	
27	0.0008157587493769824	
28	0.0008051298675127328	
29	0.0008008699398487807	
30	0.0008748566964641213	
31	0.0007986664073541761	
32	0.0008021687623113394	
33	0.0007752719102427363	
34	0.0007520462851971388	
35	0.0007505154353566468	
36	0.0007398296264000237	
37	0.0007276747259311378	
38	0.000732470175717026	
39	0.000727676972746849	
40	0.0007269444875419139	
41	0.0007309116539545357	
42	0.0007252414361573756	
43	0.0007083810516633094	
44	0.0007069088518619537	
45	0.0006989923364017159	
46	0.0006881023815367371	
47	0.0006821571092586965	
48	0.0006787915830500424	
49	0.0006724927574396133	
50	0.0006666731438599527	
51	0.0006640431878622621	
52	0.0006632663309574128	
53	0.0006632630887906998	
54	0.0006622411252465099	
55	0.0006510165054351092	
56	0.0006363041757140309	
57	0.0006292391568422318	
58	0.0006253948260564357	
59	0.0006212508480530233	
60	0.0006148486456368119	
61	0.0006079585757106543	
62	0.0006021773151587695	
63	0.0005984880845062435	
64	0.0005933336913585662	
65	0.0005879666365217418	
66	0.0005822565930429846	
67	0.0005833551229443401	
68	0.0005854492250364274	
69	0.0005710944882594049	
70	0.0005628055718261748	
71	0.000576171517604962	
72	0.0005557355878408998	
73	0.0005576786410529166	
74	0.0005544667539652437	
75	0.0005428280041087419	
76	0.0005423268070444464	
77	0.0005404224910307675	
78	0.0005286231637001038	
79	0.0005208439601119607	
80	0.0005174965306650847	
81	0.0005199362640269101	
82	0.0005362637515645474	
83	0.0005079028080217541	
84	0.0005142803012859077	
85	0.0005042849690653384	
86	0.0004982510174158961	
87	0.0004998269025236369	
88	0.0004980953759513796	
89	0.0004855341394431889	
90	0.0004833677434362471	
91	0.00048713895957916973	
92	0.00048232501721940936	
93	0.0004768643295392394	
94	0.00047627995372749864	
95	0.0004798596550244838	
96	0.000475983222713694	
97	0.00046542861964553594	
98	0.00046459606965072454	
99	0.0004638864425942302	
100	0.00047077120980247854	
101	0.0004637146426830441	
102	0.0004700440331362188	
103	0.0004756107635330409	
104	0.0004729591135401279	
105	0.0004757445189170539	
106	0.0004527274868451059	
107	0.0004596969170961529	
108	0.0004505137330852449	
109	0.0004489633953198791	
110	0.00044236064422875643	
111	0.0004415889270603657	
112	0.00043831110233441	
113	0.0004385070933494717	
114	0.0004366392793599516	
115	0.000438236293848604	
116	0.0004371364659164101	
117	0.00043938035960309205	
118	0.00044178910902701316	
119	0.000440626306226477	
120	0.00042842942639254034	
121	0.00042878178646788	
122	0.00042836968787014485	
123	0.0004252485639881343	
124	0.00042649194947443905	
125	0.00042397815850563346	
126	0.0004227411700412631	
127	0.00042157787829637526	
128	0.000418785895453766	
129	0.00041795027209445834	
130	0.0004162329772952944	
131	0.0004152635287027806	
132	0.00041441096691414715	
133	0.00041364328935742376	
134	0.00041340583120472727	
135	0.0004127110645640641	
136	0.00041318857111036775	
137	0.00041238614940084515	
138	0.00041319243027828636	
139	0.0004118378972634673	
140	0.0004123349615838379	
141	0.0004103711398784071	
142	0.0004123437509406358	
143	0.00041338781593367455	
144	0.00042214926797896625	
145	0.0004210917220916599	
146	0.0004035926947835833	
147	0.0004057669488247484	
148	0.0004040990257635713	
149	0.00040141997160390017	
150	0.00040263021364808085	
151	0.00040539014735259117	
152	0.0004011948069091886	
153	0.0004002319124992937	
154	0.00039457870298065245	
155	0.00039584944024682043	
156	0.0003950043406803161	
157	0.00039736335165798666	
158	0.000394887023139745	
159	0.00040054910350590945	
160	0.0003955625870730728	
161	0.000400656508281827	
162	0.0003918063885066658	
163	0.00039193614502437414	
164	0.00039091866347007453	
165	0.0003901843912899494	
166	0.00039356068009510636	
167	0.00039576602284796536	
168	0.00039816081407479943	
169	0.00039107092306949197	
170	0.0003857471572700888	
171	0.0003860297380015254	
172	0.0003830868226941675	
173	0.00038558142841793597	
174	0.0003814270894508809	
175	0.00038461817894130945	
176	0.00038235088577494026	
177	0.0003851457149721682	
178	0.0003819012723397464	
179	0.0003824477200396359	
180	0.00037856577255297453	
181	0.0003802285064011812	
182	0.0003828405780950561	
183	0.0003846803621854633	
184	0.00038794207794126125	
185	0.00038047741982154547	
186	0.0003770259878365323	
187	0.00037552663416136057	
188	0.0003744552668649703	
189	0.00037719377723988146	
190	0.00037465638597495855	
191	0.00037916865840088577	
192	0.00037495250871870666	
193	0.0003784016997087747	
194	0.000370554014807567	
195	0.0003710615506861359	
196	0.00036771796585526316	
197	0.0003678534209029749	
198	0.0003694353596074507	
199	0.0003704228001879528	
200	0.00037233722687233237	
201	0.00036508355115074667	
202	0.00036649534595198927	
203	0.000363618929986842	
204	0.00036411772889550776	
205	0.0003617071226472035	
206	0.00036169723607599736	
207	0.00036152004904579373	
208	0.00036074703384656457	
209	0.00035977826628368347	
210	0.00035998502862639726	
211	0.00035894351312890647	
212	0.00035910043225158007	
213	0.0003585957572795451	
214	0.00035839580523315816	
215	0.0003582785371690989	
216	0.00035802125639747826	
217	0.00035790241963695735	
218	0.00035791732370853423	
219	0.00035784044302999973	
220	0.0003578674222808331	
221	0.0003578645060770214	
222	0.0003578123345505446	
223	0.00035758614249061795	
224	0.0003571618173737079	
225	0.00035641808062791824	
226	0.000355499834404327	
227	0.0003545644605765119	
228	0.00035377888125367465	
229	0.0003531551541527733	
230	0.0003526615793816745	
231	0.00035217240802012386	
232	0.000351759500335902	
233	0.00035132586199324576	
234	0.0003510264534270391	
235	0.00035072546161245554	
236	0.00035066371492575854	
237	0.00035062173556070774	
238	0.00035093936894554646	
239	0.0003512148919980973	
240	0.00035185811866540463	
241	0.00035202348371967675	
242	0.0003522349084960297	
243	0.0003514956828439608	
244	0.0003508371446514502	
245	0.00035103277768939735	
246	0.00035133718920405955	
247	0.0003558520053047687	
248	0.0003555730218067765	
249	0.0003550547844497487	
250	0.0003505611326545477	
251	0.0003481975552858785	
252	0.0003476647660136223	
253	0.0003501873026834801	
254	0.0003480995888821781	
255	0.00035063045797869565	
256	0.00035308403021190317	
257	0.0003584384365240112	
258	0.00035863256198354065	
259	0.00034749258775264026	
260	0.000344885402591899	
261	0.00034590107388794423	
262	0.00034219156368635594	
263	0.00034086819796357303	
264	0.00034100770426448435	
265	0.00034020879538729785	
266	0.0003403947252081707	
267	0.0003398201195523143	
268	0.0003403809649171308	
269	0.000340291004977189	
270	0.00034093007852789017	
271	0.0003409839584492147	
272	0.0003420745953917503	
273	0.0003416937339352444	
274	0.00034374389797449113	
275	0.0003451171680353582	
276	0.00034584702516440304	
277	0.00034572164586279543	
278	0.00034432007232680916	
279	0.00034126168175134807	
280	0.0003416304592974484	
281	0.0003416968276724219	
282	0.00033989468356594444	
283	0.0003405991883482784	
284	0.00033791045134421436	
285	0.0003393212828086689	
286	0.00033834310015663506	
287	0.00034051547409035264	
288	0.0003405080991797149	
289	0.00034320848935749383	
290	0.000342020794050768	
291	0.00034324658336117866	
292	0.0003389072138816118	
293	0.0003389707329915836	
294	0.00033703938825055955	
295	0.0003404647926799953	
296	0.0003416911698877811	
297	0.0003437690174905583	
298	0.0003408172400668263	
299	0.0003332284715725109	
300	0.00033039080153685063	
301	0.0003328221704578027	
302	0.00033342776005156337	
303	0.00033208175736945125	
304	0.0003303861944004893	
305	0.000328788481419906	
306	0.0003284067497588694	
307	0.0003285576094640419	
308	0.00032840429339557885	
309	0.0003284713631728664	
310	0.0003280126344179735	
311	0.0003280021366663277	
312	0.00032750425743870436	
313	0.0003270157991209999	
314	0.0003266801446443424	
315	0.00032626999309286474	
316	0.00032612989307381215	
317	0.00032593003707006576	
318	0.0003257514588767663	
319	0.0003255646064644679	
320	0.0003253502072766423	
321	0.00032514260965399444	
322	0.0003249484609114006	
323	0.0003248109191190451	
324	0.0003247184562496841	
325	0.0003247008193284273	
326	0.0003247302141971886	
327	0.0003248289052862674	
328	0.00032496448839083316	
329	0.00032508794975001366	
330	0.00032510485034435986	
331	0.00032491339079570024	
332	0.0003244755731429905	
333	0.00032392726861871777	
334	0.00032346496591344475	
335	0.00032319964375346897	
336	0.0003230756876291707	
337	0.0003229668393032625	
338	0.0003228359390050173	
339	0.0003226200700737536	
340	0.0003224423795472831	
341	0.0003221919439965859	
342	0.000322115293238312	
343	0.0003219390637241304	
344	0.0003221170656615868	
345	0.00032213310187216847	
346	0.0003227446344681084	
347	0.00032315524003934115	
348	0.00032442115480080247	
349	0.00032546886650379746	
350	0.0003273282782174647	
351	0.0003282446414232254	
352	0.0003302262630313635	
353	0.00033151759998872876	
354	0.0003343196032801643	
355	0.00033066580654121934	
356	0.00032428774866275487	
357	0.00032331047696061433	
358	0.00032175132073462007	
359	0.00031812930828891697	
360	0.00032079688098747284	
361	0.00031759509874973446	
362	0.0003206585388397798	
363	0.0003182906424626708	
364	0.00032185126037802546	
365	0.000319738857797347	
366	0.0003267971682362258	
367	0.0003249497676733881	
368	0.00033158254227600993	
369	0.00032114257919602096	
370	0.0003183146589435637	
371	0.0003188302711350843	
372	0.0003181408392265439	
373	0.00031634109909646214	
374	0.0003157132363412529	
375	0.0003172133467160165	
376	0.00031580023060087117	
377	0.00031567740661557763	
378	0.00031631597958039495	
379	0.0003159058018354699	
380	0.00031742473656777294	
381	0.00031723253196105363	
382	0.0003200424835085869	
383	0.00031915963918436316	
384	0.0003216933022486046	
385	0.00031822713499423115	
386	0.00031837233109399676	
387	0.00031687359442003073	
388	0.00031831210071686655	
389	0.00031789218483027073	
390	0.0003198923164745793	
391	0.0003174371813656762	
392	0.00031491863483097405	
393	0.00031492132984567434	
394	0.0003140312503091991	
395	0.0003154998179525137	
396	0.0003155779297230765	
397	0.0003173209697706625	
398	0.0003176170983351767	
399	0.0003197706653736532	
400	0.00031973086879588664	
401	0.00031746758613735435	
402	0.0003128145064692944	
403	0.00031058485328685494	
404	0.0003096958651440218	
405	0.00030988226644694804	
406	0.0003102241753367707	
407	0.0003111629484919831	
408	0.0003114567138254642	
409	0.0003110864694463089	
410	0.0003106427757302299	
411	0.0003100368136074394	
412	0.0003095759806456044	
413	0.000309305262635462	
414	0.00030913079099263995	
415	0.00030902908474672586	
416	0.0003089681675191969	
417	0.00030888242763467134	
418	0.00030878255201969294	
419	0.00030867997265886514	
420	0.0003085676609771326	
421	0.00030844157736282797	
422	0.00030832398333586753	
423	0.00030819072562735526	
424	0.0003080688213231042	
425	0.0003079426503973082	
426	0.00030783128167968246	
427	0.00030772440077271314	
428	0.0003076417313423008	
429	0.0003075665939832106	
430	0.00030752487655263396	
431	0.00030747890705242755	
432	0.0003074536973144859	
433	0.00030736945336684585	
434	0.00030725610558874906	
435	0.00030700293427798897	
436	0.0003067413461394608	
437	0.00030637515883427115	
438	0.00030623068450950084	
439	0.00030596739379689096	
440	0.0003061946103116497	
441	0.0003059028327697888	
442	0.0003065853001317009	
443	0.00030593144765589386	
444	0.000307369651272893	
445	0.0003060412534978241	
446	0.0003089406207436696	
447	0.00030664559453725816	
448	0.0003124914044747129	
449	0.00030900684068910775	
450	0.00032228317868430165	
451	0.0003161984612233937	
452	0.00033547047642059626	
453	0.00031785356404725464	
454	0.0003091211197897792	
455	0.0003107223863480613	
456	0.00030803792469669133	
457	0.0003046565077966079	
458	0.00030576007848139854	
459	0.0003044638142455369	
460	0.000303908294881694	
461	0.00030318736098706723	
462	0.0003031392756383866	
463	0.0003031864034710452	
464	0.00030284762906376275	
465	0.00030333701870404183	
466	0.0003028291888767853	
467	0.0003033847053302452	
468	0.0003029821120435372	
469	0.0003038098249817267	
470	0.0003034082503290847	
471	0.00030489967030007393	
472	0.0003044771205168217	
473	0.00030698335613124075	
474	0.00030664873484056445	
475	0.00030911851499695333	
476	0.0003078240843024105	
477	0.0003055739973206073	
478	0.00030341057281475515	
479	0.0003008825529832393	
480	0.00030153884144965557	
481	0.00030139844166114925	
482	0.00030311348382383585	
483	0.00030231336422730236	
484	0.00030486540927086023	
485	0.0003031141677638516	
486	0.00030804206326138226	
487	0.0003050298721063882	
488	0.0003120735811535269	
489	0.0003065458731725812	
490	0.0003075529471971095	
491	0.00030393685156013814	
492	0.0003015736932866275	
493	0.00030170497193466873	
494	0.0003004310536198318	
495	0.0003012966830283403	
496	0.0003004657250130549	
497	0.00030154779669828714	
498	0.0003009227220900357	
499	0.0003026178921572864	
500	0.0003004818485351279	
501	0.000298503742669709	
502	0.00029906815325375646	
503	0.00029854416206944736	
504	0.00029799154435750097	
505	0.0002984209975693375	
506	0.00029836879984941335	
507	0.0002981565718073398	
508	0.0002980829740408808	
509	0.0002978788688778877	
510	0.00029763273778371513	
511	0.0002973821246996522	
512	0.00029718181176576766	
513	0.00029711368842981755	
514	0.0002970443514641374	
515	0.0002969553723232821	
516	0.0002968982415040955	
517	0.0002968029031762853	
518	0.0002966951491544023	
519	0.0002965935884276405	
520	0.00029648478084709495	
521	0.0002963775128591806	
522	0.00029627052717842164	
523	0.00029615513631142676	
524	0.00029603946313727647	
525	0.00029591888887807726	
526	0.0002958042168756947	
527	0.00029568596510216595	
528	0.0002955748175736517	
529	0.00029546101577579973	
530	0.0002953534567495808	
531	0.00029524515266530214	
532	0.00029514734633266925	
533	0.0002950508351204917	
534	0.0002949763467768207	
535	0.0002949081506812945	
536	0.00029487831925507636	
537	0.00029485974810086193	
538	0.0002948940120404586	
539	0.00029491552268154917	
540	0.0002949327608803287	
541	0.0002947920118458569	
542	0.00029449978901538996	
543	0.0002940438571386039	
544	0.00029375309532042593	
545	0.00029364282672759143	
546	0.0002939635480288416	
547	0.00029414434684440496	
548	0.0002948028879472986	
549	0.0002947328262962401	
550	0.0002957044605864212	
551	0.00029510784079320727	
552	0.00029685442277695986	
553	0.00029538720846176145	
554	0.00029885456606280056	
555	0.0002959218778414652	
556	0.00030302179511636495	
557	0.00029795963200740516	
558	0.00030917623662389814	
559	0.0002996239374624565	
560	0.0002974346221890301	
561	0.0002949911227915436	
562	0.0002937404322437942	
563	0.00029441084479913114	
564	0.0002942318067653105	
565	0.00029381604690570384	
566	0.0002967885317048058	
567	0.0002962850296171382	
568	0.0003001004079123959	
569	0.00029536629444919525	
570	0.00029352381243370474	
571	0.0002919524733442813	
572	0.0002914689859608188	
573	0.0002924363099737093	
574	0.0002915849298005924	
575	0.0002921496983617544	
576	0.00029154763033147903	
577	0.00029195539245847614	
578	0.00029147460591048	
579	0.00029192794754635544	
580	0.0002912955329520628	
581	0.0002921714767580852	
582	0.0002911364717874676	
583	0.00029285865020938217	
584	0.0002911481278715655	
585	0.00029464233084581793	
586	0.0002918854443123564	
587	0.00029861745715606956	
588	0.0002941192040452734	
589	0.00030091579828877	
590	0.00029378353792708367	
591	0.0002916871861089021	
592	0.0002913866366725415	
593	0.0002910447132308036	
594	0.00029113339260220525	
595	0.0002902814856497571	
596	0.0002900374616729096	
597	0.00029032530437689275	
598	0.00029023401730228217	
599	0.0002915009768912569	
600	0.0002907704591052607	
601	0.0002904396475059912	
602	0.0002906377019826323	
603	0.00028971015708521006	
604	0.00028901006444357333	
605	0.00028862825420219453	
606	0.0002885284018702805	
607	0.00028851069509983063	
608	0.00028858568985015156	
609	0.00028855921700596807	
610	0.0002884583838749677	
611	0.00028832775424234567	
612	0.00028817948768846693	
613	0.0002880694722989574	
614	0.00028795419202651826	
615	0.000287858146475628	
616	0.00028779317217413335	
617	0.00028772414661943914	
618	0.0002876741928048432	
619	0.00028760795248672366	
620	0.0002875271282391623	
621	0.00028744274750351905	
622	0.0002873522840673104	
623	0.00028726062446366997	
624	0.00028717722161673007	
625	0.0002870952506782487	
626	0.0002870147320209071	
627	0.00028693626809399574	
628	0.0002868589072022587	
629	0.0002867812610929832	
630	0.0002867044182494283	
631	0.0002866275899577886	
632	0.000286551023600623	
633	0.00028647405852098016	
634	0.0002863970265025273	
635	0.0002863196656107903	
636	0.00028624233964364977	
637	0.00028616483032237736	
638	0.0002860874548787251	
639	0.00028600964869838206	
640	0.0002859321859432384	
641	0.00028585400141309945	
642	0.0002857766958186403	
643	0.0002856985985999927	
644	0.00028562209918163716	
645	0.00028554436867125335	
646	0.0002854693622794002	
647	0.0002853927027899772	
648	0.0002853211888577789	
649	0.0002852478297427297	
650	0.0002851839177310467	
651	0.0002851172728696838	
652	0.00028506933304015545	
653	0.00028501672495622187	
654	0.00028499785985331983	
655	0.00028497026360128073	
656	0.00028499417821876706	
657	0.00028498852043412626	
658	0.00028502335771918297	
659	0.00028493693680502473	
660	0.00028480915643740444	
661	0.0002844643546268344	
662	0.0002842117915861309	
663	0.0002839271735865623	
664	0.00028409953520167617	
665	0.0002841028821421787	
666	0.0002847708587069064	
667	0.0002846951538231224	
668	0.0002858406922314316	
669	0.0002853422833140939	
670	0.0002873128338251263	
671	0.0002858681924408302	
672	0.0002894593519158661	
673	0.00028619977238122376	
674	0.00029295683198142796	
675	0.00028760520799551157	
676	0.00029767433006782084	
677	0.0002889076742576435	
678	0.000287398902582936	
679	0.0002849698765203357	
680	0.0002843643655069172	
681	0.00028562334773596376	
682	0.00028600747464224696	
683	0.0002860723558114842	
684	0.0002893637050874531	
685	0.00028677969239652155	
686	0.00028574123862199483	
687	0.00028301179700065406	
688	0.00028273929783608767	
689	0.00028326415922492744	
690	0.0002826363896019757	
691	0.000282824452733621	
692	0.00028225184651091694	
693	0.0002823591174092144	
694	0.0002821620088070631	
695	0.00028218771913088856	
696	0.0002820384863298386	
697	0.00028209222364239395	
698	0.00028193230100441723	
699	0.00028206671704538165	
700	0.0002814061299432069	
701	0.00028136852197349074	
702	0.0002813427447108552	
703	0.00028136272740084676	
704	0.0002815761486999691	
705	0.0002816194057231769	
706	0.00028147537377662955	
707	0.00028137847839389	
708	0.0002812214515870437	
709	0.000281019919202663	
710	0.00028090807900298386	
711	0.00028085179219488053	
712	0.0002808182674925774	
713	0.00028080961492378266	
714	0.0002807813958497718	
715	0.00028073170979041605	
716	0.00028068035608157514	
717	0.0002806108153890818	
718	0.0002805378899211064	
719	0.0002804660965921357	
720	0.000280393153661862	
721	0.00028032840054947883	
722	0.0002802663890179247	
723	0.00028020641475450246	
724	0.00028014908311888573	
725	0.0002800907008349895	
726	0.00028003217885270716	
727	0.0002799739042529836	
728	0.00027991532115265725	
729	0.00027985626365989447	
730	0.0002797971130348742	
731	0.00027973768301308154	
732	0.00027967782807536423	
733	0.00027961833693552763	
734	0.00027955788536928596	
735	0.00027949812065344306	
736	0.00027943742170464245	
737	0.0002793773834127933	
738	0.00027931668155360966	
739	0.0002792565734125674	
740	0.0002791956067085266	
741	0.0002791354316286743	
742	0.0002790742029901594	
743	0.0002790143305901438	
744	0.0002789529913570732	
745	0.0002788938785670325	
746	0.0002788317040540278	
747	0.00027877428219653667	
748	0.00027871159836649894	
749	0.00027865705487784	
750	0.00027859324763994663	
751	0.00027854451327584683	
752	0.0002784786804113537	
753	0.00027844109863508495	
754	0.00027837123489007356	
755	0.0002783539152005687	
756	0.0002782758296234533	
757	0.00027829322789330035	
758	0.0002781981689622626	
759	0.00027826954610645773	
760	0.0002781394316116348	
761	0.00027828325110021976	
762	0.00027807520818896593	
763	0.00027829703176394103	
764	0.0002779252070467919	
765	0.00027825755241792647	
766	0.0002776409965008497	
767	0.00027832286432385447	
768	0.0002774266409687698	
769	0.00027899710985366253	
770	0.0002776536246528849	
771	0.0002809972676914185	
772	0.00027895868406631054	
773	0.000286100510857068	
774	0.00028268182068131865	
775	0.00029111231851857154	
776	0.00028225571440998465	
777	0.00027760738448705523	
778	0.00027979310834780335	
779	0.0002779285452561453	
780	0.0002766675082966685	
781	0.00027702365186996756	
782	0.00027674198208842425	
783	0.0002768552716588601	
784	0.0002767290803603828	
785	0.00027679283812176436	
786	0.000276808170019649	
787	0.00027727920387405903	
788	0.00027725099062081426	
789	0.0002787337376503274	
790	0.000278870842885226	
791	0.00028239906241651626	
792	0.00028148382261861116	
793	0.0002828256809152663	
794	0.00027767779829446226	
795	0.00027725395921152085	
796	0.0002770768100162968	
797	0.0002772491949144751	
798	0.00027658645121846347	
799	0.00027648635441437366	
800	0.00027591531397774816	
801	0.00027584299677982924	
802	0.00027617841551546006	
803	0.0002760003029834479	
804	0.00027555600099731236	
805	0.0002756922360276803	
806	0.0002756159839918837	
807	0.00027554353582672777	
808	0.0002755127294221893	
809	0.0002755279972916469	
810	0.00027546590135898443	
811	0.0002754266053671017	
812	0.00027537629066500815	
813	0.0002753079286776483	
814	0.0002752464497461915	
815	0.00027520925214048476	
816	0.0002751673571765423	
817	0.00027511826483532785	
818	0.00027508302009664475	
819	0.0002750365500105545	
820	0.0002749936422333121	
821	0.0002749498496996239	
822	0.00027489992207847537	
823	0.0002748508210061118	
824	0.0002748042606981471	
825	0.0002747570542851463	
826	0.0002747116901446134	
827	0.0002746662736171857	
828	0.00027462030411697926	
829	0.00027457539399620143	
830	0.00027452996000647544	
831	0.0002744841040112078	
832	0.00027443815197329967	
833	0.0002743922203080729	
834	0.0002743461896898225	
835	0.0002743002638453618	
836	0.0002742545126238838	
837	0.000274208394694142	
838	0.00027416268130764365	
839	0.0002741166274063289	
840	0.0002740706695476547	
841	0.00027402493578847497	
842	0.0002739789371844381	
843	0.00027393308700993655	
844	0.0002738872863119468	
845	0.0002738412731559947	
846	0.0002737954491749406	
847	0.0002737493108725175	
848	0.0002737032977165654	
849	0.00027365710993763057	
850	0.00027361118991393597	
851	0.0002735646819928661	
852	0.0002735182904871181	
853	0.000273472085245885	
854	0.0002734257315751165	
855	0.0002733786212047562	
856	0.0002733321482082829	
857	0.0002732849825406447	
858	0.00027323834947310386	
859	0.0002731910295551643	
860	0.0002731436863541603	
861	0.0002730960550252348	
862	0.00027304835384711623	
863	0.0002730006177444011	
864	0.00027295256732031705	
865	0.0002729046595050022	
866	0.00027285626565571875	
867	0.0002728082850808278	
868	0.000272760062944144	
869	0.0002727129030972719	
870	0.0002726652135606855	
871	0.0002726194332353771	
872	0.00027257321053184567	
873	0.0002725308062508702	
874	0.00027248736296314746	
875	0.00027245074743404986	
876	0.0002724125632084906	
877	0.00027238577022217216	
878	0.0002723547688219696	
879	0.00027234229200985284	
880	0.0002723188779782504	
881	0.0002723224170040339	
882	0.0002722990873735398	
883	0.0002723071811487898	
884	0.00027225412777625023	
885	0.0002722369972616434	
886	0.00027211638225708155	
887	0.00027207576495129614	
888	0.00027191374683752654	
889	0.0002719453303143382	
890	0.00027180396718904374	
891	0.0002720009651966393	
892	0.00027185937215108426	
893	0.00027225847297813744	
894	0.0002720421238336712	
895	0.0002726865990553051	
896	0.00027230665145907553	
897	0.00027328046562615784	
898	0.0002725802100030705	
899	0.00027407948509790004	
900	0.00027298056520521643	
901	0.0002736615686444566	
902	0.0002722020144574344	
903	0.0002712076937314123	
904	0.00027141185419168325	
905	0.00027146377542521807	
906	0.0002713424357352778	
907	0.0002715834853006527	
908	0.00027130071248393506	
909	0.0002713398513151333	
910	0.0002712722169235349	
911	0.00027117135177832095	
912	0.00027116696583107114	
913	0.0002710623055463657	
914	0.0002710273896809667	
915	0.00027098845748696476	
916	0.0002709626161959022	
917	0.0002709487627726048	
918	0.00027090666408184915	
919	0.00027086971094831825	
920	0.000270817254204303	
921	0.0002707707841182128	
922	0.00027072490192949774	
923	0.0002706859348108992	
924	0.0002706514671444893	
925	0.0002706153754843399	
926	0.00027058071573264896	
927	0.0002705430204514414	
928	0.00027050375356338916	
929	0.0002704652841202915	
930	0.0002704243612242863	
931	0.00027038656116928905	
932	0.00027034601371269675	
933	0.0002703096513869241	
934	0.0002702703612158075	
935	0.0002702345635043457	
936	0.00027019572735298425	
937	0.0002701598888961598	
938	0.0002701203338801861	
939	0.0002700853539863601	
940	0.00027004432340618225	
941	0.0002700112439924851	
942	0.00026996793458238243	
943	0.00026993795472662896	
944	0.0002698909840546548	
945	0.0002698664728086442	
946	0.0002698126685572788	
947	0.0002697983873076737	
948	0.00026973081985488535	
949	0.0002697355841519311	
950	0.0002696438896236941	
951	0.00026968390156980606	
952	0.0002695470437174663	
953	0.0002696549170650542	
954	0.0002694352879188955	
955	0.0002696742449188605	
956	0.00026930725434795024	
957	0.00026980238617397846	
958	0.00026918459916487337	
959	0.00027018656837753954	
960	0.0002691780944587663	
961	0.00027120535960420964	
962	0.00026969467871822416	
963	0.000273820455186069	
964	0.00027171721449121834	
965	0.0002771550323814154	
966	0.0002721906581427902	
967	0.0002693250775337219	
968	0.00026980024122167376	
969	0.0002693734597414732	
970	0.00026862245867960156	
971	0.0002692277717869729	
972	0.00026832636795006695	
973	0.0002688871754799038	
974	0.0002687385800527409	
975	0.0002684971725102514	
976	0.00026870817819144575	
977	0.00026851609000004827	
978	0.0002685317158466205	
979	0.00026852143928408624	
980	0.0002684371516807005	
981	0.00026845086831599473	
982	0.0002684047736693174	
983	0.0002683653350686654	
984	0.0002683587837964296	
985	0.00026829196140170096	
986	0.0002682901278603822	
987	0.000268233529641293	
988	0.0002682179620023817	
989	0.000268165921443142	
990	0.0002681579266209155	
991	0.00026808819093275814	
992	0.00026810987910721453	
993	0.0002680117089767009	
994	0.0002680825855350122	
995	0.00026794767763931303	
996	0.0002681179670616984	
997	0.0002679370867554098	
998	0.00026833515148609876	
999	0.0002681327168829739	
1000	0.0002687821659492329	
1001	0.00026815098244696854	
1002	0.0002682277583517134	
1003	0.0002682809281395748	
1004	0.0002685291197849438	
1005	0.00026860758662223817	
1006	0.00026873036404140294	
1007	0.0002690739347599447	
1008	0.00026957282389048485	
1009	0.0002701070043258369	
1010	0.00027086595655418934	
1011	0.00027170352113898845	
1012	0.00027244841039646416	
1013	0.0002724299032706767	
1014	0.00027118768193759026	
1015	0.00026938590744975956	
1016	0.00026843883097171783	
1017	0.0002684361737919971	
1018	0.00026861920196097344	
1019	0.00026839807978831234	
1020	0.0002679206489119679	
1021	0.0002674826420843601	
1022	0.00026721885369624944	
1023	0.000267113046720624	
1024	0.0002671017893590033	
1025	0.00026710458332672714	
1026	0.00026709722878877075	
1027	0.00026708549703471365	
1028	0.00026707109645940363	
1029	0.0002670523070264608	
1030	0.0002670361311174929	
1031	0.00026701497263275086	
1032	0.00026698249857872727	
1033	0.00026694314437918364	
1034	0.0002669032895937562	
1035	0.0002668655419256538	
1036	0.00026683182513806967	
1037	0.0002668005879968405	
1038	0.00026677074492909014	
1039	0.00026674245018512013	
1040	0.0002667152584763244	
1041	0.000266687897965312	
1042	0.00026665985060390083	
1043	0.0002666316227987409	
1044	0.000266603019554168	
1045	0.0002665744221303612	
1046	0.00026654536195565016	
1047	0.0002665163716301322	
1048	0.0002664869040017948	
1049	0.00026645768666639925	
1050	0.00026642823358997704	
1051	0.0002663984865648672	
1052	0.00026636886759661137	
1053	0.00026633893721736965	
1054	0.00026630912616383285	
1055	0.00026627939369063827	
1056	0.00026624923339113593	
1057	0.00026621952711138876	
1058	0.0002661894424818456	
1059	0.0002661592181539163	
1060	0.000266129313968122	
1061	0.00026609894121065736	
1062	0.00026606857136357576	
1063	0.0002660384139744565	
1064	0.0002660080848727375	
1065	0.0002659777383087203	
1066	0.00026594737719278785	
1067	0.0002659172285348177	
1068	0.00026588693144731225	
1069	0.00026585679152049126	
1070	0.00026582711143419147	
1071	0.0002657972800079733	
1072	0.0002657681528944522	
1073	0.0002657392265973613	
1074	0.0002657108067069203	
1075	0.0002656832803040743	
1076	0.0002656566415680572	
1077	0.00026563085848465564	
1078	0.0002656067401403561	
1079	0.00026558407116681335	
1080	0.00026556279335636644	
1081	0.0002655441407114267	
1082	0.0002655274205608293	
1083	0.0002655133663211018	
1084	0.0002655021380633116	
1085	0.00026549378235358746	
1086	0.00026548785099294036	
1087	0.0002654849522514269	
1088	0.0002654834883287549	
1089	0.0002654839365277439	
1090	0.00026548393070697786	
1091	0.00026548302557785066	
1092	0.00026547770539764315	
1093	0.0002654685726156458	
1094	0.0002654503216035664	
1095	0.00026542530104052277	
1096	0.00026538795791566374	
1097	0.00026534423523116857	
1098	0.00026528931048233064	
1099	0.00026523300330154597	
1100	0.00026495516358409076	
1101	0.0002651825605425984	
1102	0.00026538278616499155	
1103	0.00026549016474746167	
1104	0.0002653632458532229	
1105	0.00026511209143791347	
1106	0.0002649195637786761	
1107	0.000264876484288834	
1108	0.0002648530877195299	
1109	0.000264845832134597	
1110	0.00026486559654586016	
1111	0.0002648692752700299	
1112	0.0002648336550919339	
1113	0.00026479742082301526	
1114	0.00026475398044567555	
1115	0.0002647130168043077	
1116	0.0002646878070663661	
1117	0.0002646695647854358	
1118	0.00026464914553798736	
1119	0.00026462920650374146	
1120	0.00026460658700671046	
1121	0.0002645814121933654	
1122	0.000264556793263182	
1123	0.00026453101891092955	
1124	0.00026450438017491253	
1125	0.0002644796681124717	
1126	0.00026445576804690063	
1127	0.0002644317428348586	
1128	0.0002644078282173723	
1129	0.0002643839980009943	
1130	0.0002643600862938911	
1131	0.00026433624152559786	
1132	0.0002643119456479326	
1133	0.00026428780402056875	
1134	0.0002642634470248595	
1135	0.0002642392792040482	
1136	0.0002642154402565211	
1137	0.00026419135392643513	
1138	0.00026416725595481696	
1139	0.0002641435305122286	
1140	0.0002641194412717596	
1141	0.00026409577403683213	
1142	0.00026407182158436624	
1143	0.00026404807285871355	
1144	0.0002640241611516103	
1145	0.0002640004036948085	
1146	0.00026397650071885437	
1147	0.0002639526908751577	
1148	0.00026392916042823346	
1149	0.0002639050973812118	
1150	0.00026388177648186686	
1151	0.00026385775418020786	
1152	0.000263834188808687	
1153	0.0002638103062054142	
1154	0.0002637867961311713	
1155	0.00026376310852356256	
1156	0.0002637396450154483	
1157	0.0002637158293509856	
1158	0.000263692214502953	
1159	0.0002636684861499816	
1160	0.0002636450022691861	
1161	0.0002636211604112759	
1162	0.00026359764160588384	
1163	0.00026357408496551215	
1164	0.00026355037407483907	
1165	0.00026352695131208747	
1166	0.0002635033335536718	
1167	0.0002634796779602766	
1168	0.00026345614460296927	
1169	0.0002634323696838692	
1170	0.00026340865297243	
1171	0.0002633850846905261	
1172	0.00026336139417253434	
1173	0.0002633377007441595	
1174	0.00026331426051910966	
1175	0.0002632903371704742	
1176	0.0002632667310535908	
1177	0.0002632428746437654	
1178	0.0002632191317388788	
1179	0.00026319545868318527	
1180	0.00026317189040128144	
1181	0.0002631475566886365	
1182	0.00026312427944503726	
1183	0.0002630997070809826	
1184	0.0002630767150549218	
1185	0.0002630516159115359	
1186	0.00026302872865926477	
1187	0.000263003192958422	
1188	0.00026298086158931254	
1189	0.00026295448187738655	
1190	0.00026293309056200085	
1191	0.0002629052236443385	
1192	0.0002628853399073705	
1193	0.00026285478379577397	
1194	0.00026283841289114206	
1195	0.0002628033369546756	
1196	0.00026279217272531243	
1197	0.0002627499430673197	
1198	0.0002627485344419256	
1199	0.0002626933506689966	
1200	0.0002626691682962701	
1201	0.0002628686401294544	
1202	0.0002628338261274621	
1203	0.0002627614070661366	
1204	0.0002626343892188743	
1205	0.0002625807625008747	
1206	0.0002625725173857063	
1207	0.0002625953231472522	
1208	0.00026257062854710965	
1209	0.0002625448309117928	
1210	0.00026252673706039786	
1211	0.00026250189403072	
1212	0.0002624750952236354	
1213	0.00026245338667649774	
1214	0.00026242941385135055	
1215	0.00026240744336973875	
1216	0.00026238874706905333	
1217	0.00026236934354528785	
1218	0.00026234892720822245	
1219	0.0002623293665237725	
1220	0.00026230757066514343	
1221	0.00026228614733554424	
1222	0.0002622650674311444	
1223	0.0002622442407300696	
1224	0.0002622238709591329	
1225	0.0002622044994495809	
1226	0.0002621838793857023	
1227	0.0002621636725962162	
1228	0.00026214317476842554	
1229	0.00026212289521936326	
1230	0.0002621026273118332	
1231	0.0002620823885081336	
1232	0.0002620621380629018	
1233	0.00026204212626907976	
1234	0.00026202172157354655	
1235	0.0002620016282889992	
1236	0.0002619815495563671	
1237	0.0002619611914269626	
1238	0.000261941269855015	
1239	0.00026192106306552885	
1240	0.00026190095231868324	
1241	0.00026188096671830863	
1242	0.00026186078030150385	
1243	0.0002618409809656441	
1244	0.00026182099245488646	
1245	0.00026180095737800003	
1246	0.0002617810474475846	
1247	0.0002617606718558818	
1248	0.0002617409627418965	
1249	0.00026172090438194575	
1250	0.00026170084893237797	
1251	0.0002616810495965183	
1252	0.00026166103780269625	
1253	0.0002616410987684503	
1254	0.0002616211830172688	
1255	0.00026160122943110766	
1256	0.0002615813253214583	
1257	0.000261561298975721	
1258	0.00026154155493713916	
1259	0.0002615213830722496	
1260	0.000261501656495966	
1261	0.0002614816155983135	
1262	0.0002614616969367489	
1263	0.0002614418073790148	
1264	0.00026142193528357895	
1265	0.00026140210684388876	
1266	0.00026138207176700233	
1267	0.0002613622753415257	
1268	0.00026134222862310706	
1269	0.000261322406004183	
1270	0.00026130267360713333	
1271	0.0002612824464449659	
1272	0.00026126268203370274	
1273	0.0002612428361317143	
1274	0.00026122265262529254	
1275	0.00026120302209164947	
1276	0.0002611827658256516	
1277	0.00026116301014553753	
1278	0.00026114284701179714	
1279	0.00026112314662896097	
1280	0.0002611030620755628	
1281	0.0002610830531921238	
1282	0.00026106324512511494	
1283	0.00026104317512363193	
1284	0.00026102311385329814	
1285	0.00026100301183760164	
1286	0.00026098312227986755	
1287	0.00026096279034391043	
1288	0.00026094301720149817	
1289	0.00026092282496392727	
1290	0.0002609026822028682	
1291	0.00026088259182870387	
1292	0.0002608623297419399	
1293	0.0002608423790661618	
1294	0.0002608222741400823	
1295	0.00026080212264787404	
1296	0.00026078197988681494	
1297	0.00026076149952132256	
1298	0.00026074156921822577	
1299	0.0002607211150461808	
1300	0.00026068127190228554	
1301	0.0002609059156384319	
1302	0.00026091766485478727	
1303	0.0002607894013635814	
1304	0.00026068766601383686	
1305	0.000260690221330151	
1306	0.00026068211009260266	
1307	0.00026067390863318	
1308	0.0002606647787615657	
1309	0.0002606364665552974	
1310	0.0002606149355415255	
1311	0.00026060010422952474	
1312	0.0002605809480883181	
1313	0.0002605564775876701	
1314	0.0002605390967801213	
1315	0.0002605243149446324	
1316	0.0002605069865239784	
1317	0.000260490455548279	
1318	0.00026047282153740525	
1319	0.0002604538283776492	
1320	0.0002604352601338178	
1321	0.0002604182547656819	
1322	0.00026040129887405783	
1323	0.0002603843138786033	
1324	0.0002603676199214533	
1325	0.00026035031187348067	
1326	0.0002603326545795426	
1327	0.00026031555607914926	
1328	0.00026029832079075275	
1329	0.0002602813474368304	
1330	0.0002602642518468201	
1331	0.00026024734252132474	
1332	0.0002602302090963349	
1333	0.0002602131513413042	
1334	0.0002601963875349611	
1335	0.0002601792075438425	
1336	0.0002601623215014115	
1337	0.00026014540635515003	
1338	0.0002601284155389294	
1339	0.00026011148001998664	
1340	0.0002600946754682809	
1341	0.00026007765263784676	
1342	0.0002600607345812023	
1343	0.0002600441366666928	
1344	0.0002600271749543026	
1345	0.00026001050719060004	
1346	0.00025999365316238255	
1347	0.00025997664488386363	
1348	0.0002599599160021171	
1349	0.0002599433122668415	
1350	0.00025992635928560046	
1351	0.0002599095314508304	
1352	0.00025989274436142293	
1353	0.00025987601839005947	
1354	0.000259859167272225	
1355	0.0002598424209281802	
1356	0.0002598258928628638	
1357	0.00025980901846196504	
1358	0.000259792193537578	
1359	0.00025977550249081107	
1360	0.0002597587823402137	
1361	0.0002597421407699585	
1362	0.00025972573494073006	
1363	0.00025970884307753296	
1364	0.0002596918900962919	
1365	0.00025967558613047	
1366	0.0002596588048618287	
1367	0.0002596420992631465	
1368	0.00025962544314097615	
1369	0.000259608612395823	
1370	0.0002595921861939132	
1371	0.000259575541713275	
1372	0.0002595588710391894	
1373	0.000259542342973873	
1374	0.00025952547148335727	
1375	0.00025950908311642704	
1376	0.0002594922232674435	
1377	0.00025947570975404233	
1378	0.00025945911766029895	
1379	0.0002594424324342981	
1380	0.0002594258839963004	
1381	0.00025940946070477364	
1382	0.0002593925833934918	
1383	0.0002593758545117453	
1384	0.00025935952726285905	
1385	0.0002593428798718378	
1386	0.00025932629068847746	
1387	0.0002593094628537074	
1388	0.00025929303374141457	
1389	0.00025927652313839644	
1390	0.0002592598873889074	
1391	0.00025924327492248266	
1392	0.0002592268167063594	
1393	0.00025921031774487344	
1394	0.0002591936121461913	
1395	0.0002591769763967022	
1396	0.00025916027079802005	
1397	0.00025914384168572723	
1398	0.00025912754354067146	
1399	0.000259110689512454	
1400	0.0002590956079075113	
1401	0.0002593433717265725	
1402	0.00025947726389858873	
1403	0.00025938525213859976	
1404	0.0002592655800981447	
1405	0.0002592397329863161	
1406	0.00025924499495886264	
1407	0.0002592467033537105	
1408	0.00025924776564352215	
1409	0.0002592506614746526	
1410	0.00025924225628841667	
1411	0.00025923256180249155	
1412	0.00025922651984728874	
1413	0.00025923420616891235	
1414	0.00025924326619133355	
1415	0.0002592537784948945	
1416	0.0002592639619251713	
1417	0.00025928296381607654	
1418	0.00025931160198524596	
1419	0.00025935076409950853	
1420	0.00025940245541278273	
1421	0.00025947610847651956	
1422	0.00025958193000406025	
1423	0.0002597402926767245	
1424	0.0002599867642857134	
1425	0.000260403411812149	
1426	0.00026118957612197846	
1427	0.0002628821093821898	
1428	0.00026676681300159545	
1429	0.0002732381835812703	
1430	0.00027107457863166927	
1431	0.0002609363989904523	
1432	0.0002605020097689703	
1433	0.00025988428096752615	
1434	0.00025984499952755866	
1435	0.000260978372534737	
1436	0.0002593350160168484	
1437	0.00025819888105615973	
1438	0.00025828669022303074	
1439	0.00025860952446237205	
1440	0.00025907056697178633	
1441	0.00025905482179950924	
1442	0.00025866006035357714	
1443	0.0002584735950222239	
1444	0.00025855799030978234	
1445	0.0002587487280834466	
1446	0.0002588478091638535	
1447	0.00025881164183374496	
1448	0.0002587187511380762	
1449	0.0002586759044788778	
1450	0.0002586912189144641	
1451	0.0002587300434242934	
1452	0.0002587472350569442	
1453	0.00025873908307403324	
1454	0.0002587160241091624	
1455	0.0002586998918559402	
1456	0.00025869460368994625	
1457	0.0002586979098850861	
1458	0.0002586978953331709	
1459	0.00025869280216284096	
1460	0.0002586817427072674	
1461	0.000258671140181832	
1462	0.0002586619521025568	
1463	0.0002586562710348517	
1464	0.0002586505375802517	
1465	0.0002586442074971274	
1466	0.00025863508926704526	
1467	0.0002586258080555126	
1468	0.0002586161717772484	
1469	0.0002586079644970596	
1470	0.00025859957095235585	
1471	0.00025859152374323456	
1472	0.00025858232693281024	
1473	0.00025857313303276894	
1474	0.00025856339489109813	
1475	0.00025855396525003015	
1476	0.00025854473060462626	
1477	0.0002585354639450088	
1478	0.0002585258160252124	
1479	0.00025851625250652435	
1480	0.0002585062145953998	
1481	0.000258496351307258	
1482	0.00025848636869341135	
1483	0.0002584767615189776	
1484	0.0002584667963674292	
1485	0.00025845664204098283	
1486	0.00025844628689810636	
1487	0.00025843595794867725	
1488	0.00025842574541457	
1489	0.00025841555034276096	
1490	0.00025840535236056896	
1491	0.00025839489826466887	
1492	0.0002583844761829823	
1493	0.00025837393768597395	
1494	0.00025836334098130467	
1495	0.00025835271226242184	
1496	0.00025834247935563326	
1497	0.0002583318273536861	
1498	0.0002583211840828881	
1499	0.0002583103982033208	
1500	0.00025815473927650603	
1501	0.00025803323660511523	
1502	0.00025795480178203434	
1503	0.0002580635802587494	
1504	0.00025811263476498424	
1505	0.0002580243133706972	
1506	0.00025796253466978667	
1507	0.00025797874841373416	
1508	0.0002580080064944923	
1509	0.0002579979889560491	
1510	0.00025796460977289826	
1511	0.0002579507970949635	
1512	0.00025795718538574875	
1513	0.00025795963301789016	
1514	0.00025794308166950943	
1515	0.0002579298568889499	
1516	0.0002579240885097533	
1517	0.00025792155356612055	
1518	0.0002579127933131531	
1519	0.00025790226354729386	
1520	0.0002578926971182227	
1521	0.00025788643688429147	
1522	0.00025787900958675893	
1523	0.00025787080230657013	
1524	0.00025786162877921014	
1525	0.0002578536601504311	
1526	0.00025784593017306177	
1527	0.0002578380808699876	
1528	0.0002578296553110704	
1529	0.0002578213810920715	
1530	0.00025781305448617785	
1531	0.00025780524301808325	
1532	0.0002577968523837626	
1533	0.00025778858980629593	
1534	0.0002577801962615922	
1535	0.00025777216360438614	
1536	0.00025776373222470285	
1537	0.00025775555695872754	
1538	0.00025774710811674593	
1539	0.0002577388106146827	
1540	0.00025773036177270117	
1541	0.0002577219187514856	
1542	0.0002577135426690802	
1543	0.00025770537613425406	
1544	0.0002576967264758423	
1545	0.0002576882834546268	
1546	0.0002576797909568995	
1547	0.00025767130427993833	
1548	0.0002576628903625533	
1549	0.0002576542523456737	
1550	0.00025764575693756344	
1551	0.0002576371363829821	
1552	0.0002576285070972517	
1553	0.00025762001168914137	
1554	0.0002576113532995805	
1555	0.00025760270946193484	
1556	0.00025759394920896737	
1557	0.00025758529955055565	
1558	0.00025757678668014705	
1559	0.00025756814575288444	
1560	0.0002575593942310661	
1561	0.00025755054084584115	
1562	0.0002575418067863211	
1563	0.00025753321242518725	
1564	0.0002575244492618367	
1565	0.0002575155202066526	
1566	0.00025750669301487504	
1567	0.0002574978367192671	
1568	0.00025748906773515046	
1569	0.0002574803598690778	
1570	0.0002574714832007885	
1571	0.00025746257451828567	
1572	0.0002574536687461659	
1573	0.0002574448299128562	
1574	0.00025743581063579767	
1575	0.0002574270067270845	
1576	0.00025741810677573087	
1577	0.0002574091631686315	
1578	0.0002573999954620376	
1579	0.00025739099946804346	
1580	0.00025738213153090326	
1581	0.00025737305404618385	
1582	0.0002573641570052132	
1583	0.00025735505332704636	
1584	0.0002573459089035168	
1585	0.0002573370991740376	
1586	0.0002573279954958707	
1587	0.0002573186677182093	
1588	0.00025730960769578817	
1589	0.0002573006087914109	
1590	0.0002572916069766507	
1591	0.00025728252076078205	
1592	0.00025727329193614423	
1593	0.00025726400781422853	
1594	0.00025725490704644474	
1595	0.00025724583538249134	
1596	0.00025723658909555526	
1597	0.00025722748541738837	
1598	0.0002572182653238997	
1599	0.00025720895209815355	
1600	0.00025710126792546364	
1601	0.000257049742504023	
1602	0.00025701693666633216	
1603	0.0002570989599917084	
1604	0.00025708724569994956	
1605	0.0002570226555690169	
1606	0.00025701848790049553	
1607	0.0002570378448581323	
1608	0.00025702829589135945	
1609	0.00025700670084916055	
1610	0.000257001502905041	
1611	0.0002570009615737945	
1612	0.00025699455582071094	
1613	0.00025698244862724093	
1614	0.00025697492819745096	
1615	0.00025697060336824504	
1616	0.0002569643751485273	
1617	0.00025695496005937455	
1618	0.0002569474949268624	
1619	0.0002569409349234775	
1620	0.00025693427305668594	
1621	0.0002569263218902051	
1622	0.0002569183096056804	
1623	0.0002569114149082452	
1624	0.00025690434558782725	
1625	0.0002568967232946306	
1626	0.0002568892174167559	
1627	0.00025688176101539283	
1628	0.0002568744792370126	
1629	0.0002568670664913952	
1630	0.00025685956061352047	
1631	0.0002568520721979439	
1632	0.0002568446594523266	
1633	0.0002568373311078176	
1634	0.0002568298950791359	
1635	0.00025682226405479016	
1636	0.00025681488041300326	
1637	0.00025680741819087414	
1638	0.0002568000491010025	
1639	0.0002567924209870398	
1640	0.00025678499951027335	
1641	0.00025677763333078476	
1642	0.00025677008088678124	
1643	0.0002567625720985234	
1644	0.0002567549585364759	
1645	0.0002567476069089025	
1646	0.0002567400340922177	
1647	0.0002567326067946851	
1648	0.0002567249233834445	
1649	0.00025671736511867493	
1650	0.00025670985924080013	
1651	0.0002567023184383288	
1652	0.00025669481547083703	
1653	0.0002566872077295557	
1654	0.0002566796669270843	
1655	0.00025667215522844343	
1656	0.0002566645795013756	
1657	0.0002566568844486028	
1658	0.0002566492621554062	
1659	0.0002566415554611012	
1660	0.0002566340612247586	
1661	0.0002566265087807551	
1662	0.0002566188748460263	
1663	0.0002566111390478909	
1664	0.0002566035371273756	
1665	0.0002565960545325652	
1666	0.0002565883187344298	
1667	0.0002565806906204671	
1668	0.00025657306832727045	
1669	0.0002565653761848807	
1670	0.00025655770732555536	
1671	0.00025655004428699614	
1672	0.0002565424219937995	
1673	0.00025653463962953537	
1674	0.0002565270522609353	
1675	0.0002565192466136068	
1676	0.0002565117203630507	
1677	0.0002565039350884035	
1678	0.0002564961119787768	
1679	0.00025648853625170887	
1680	0.0002564808470197022	
1681	0.0002564732130849734	
1682	0.00025646520662121476	
1683	0.0002564575261203572	
1684	0.0002564498165156692	
1685	0.00025644219131208955	
1686	0.00025643432163633404	
1687	0.0002564266644185409	
1688	0.0002564188645919785	
1689	0.00025641112588346	
1690	0.0002564034308306873	
1691	0.00025639545638114216	
1692	0.0002563876827480271	
1693	0.0002563799527706578	
1694	0.00025637210346758367	
1695	0.0002563644433394074	
1696	0.00025635657366365196	
1697	0.0002563487010775134	
1698	0.0002563409798312932	
1699	0.0002563331654528156	
1700	0.0002562508103437722	
1701	0.00025622678513173016	
1702	0.00025620691885706035	
1703	0.0002562570298323408	
1704	0.0002562223089626059	
1705	0.00025620149972382933	
1706	0.00025623037945479157	
1707	0.0002562500536441803	
1708	0.00025625108683016153	
1709	0.00025625433772802353	
1710	0.0002562520676292479	
1711	0.0002562160196248442	
1712	0.0002561608795076609	
1713	0.0002561107161454856	
1714	0.0002560730470577255	
1715	0.000256047400762327	
1716	0.0002560386492405087	
1717	0.0002560394204920158	
1718	0.0002560400927904993	
1719	0.00025603747635614125	
1720	0.000256034207995981	
1721	0.0002560302178608254	
1722	0.0002560239605372772	
1723	0.00025601656234357505	
1724	0.0002560092369094491	
1725	0.0002560020482633263	
1726	0.00025599487707950175	
1727	0.0002559880173066631	
1728	0.0002559818472946063	
1729	0.00025597598287276926	
1730	0.000255969975842163	
1731	0.0002559638669481501	
1732	0.00025595784245524555	
1733	0.00025595167535357176	
1734	0.0002559453248977661	
1735	0.0002559390297392383	
1736	0.00025593283644411715	
1737	0.0002559264947194606	
1738	0.00025592009187676014	
1739	0.0002559137967182323	
1740	0.00025590769073460253	
1741	0.0002559014508733526	
1742	0.0002558951557148248	
1743	0.00025588891585357485	
1744	0.00025588269636500627	
1745	0.0002558763982960954	
1746	0.00025587014679331335	
1747	0.0002558639069320634	
1748	0.0002558576874434948	
1749	0.0002558512584073469	
1750	0.0002558451902586967	
1751	0.00025583892420399934	
1752	0.00025583260285202416	
1753	0.00025582629605196415	
1754	0.0002558200241765007	
1755	0.00025581381341908125	
1756	0.00025580745714250954	
1757	0.0002558011939981952	
1758	0.00025579487264622004	
1759	0.0002557885774876922	
1760	0.00025578234635759145	
1761	0.00025577610067557545	
1762	0.0002557697443990037	
1763	0.00025576330081094055	
1764	0.0002557571220677346	
1765	0.00025575083564035597	
1766	0.0002557444793637842	
1767	0.00025573830644134434	
1768	0.0002557318133767694	
1769	0.0002557256113504991	
1770	0.00025571924925316125	
1771	0.0002557129511842504	
1772	0.00025570663856342433	
1773	0.0002557003113906831	
1774	0.0002556939056375995	
1775	0.0002556876512244344	
1776	0.0002556814026320353	
1777	0.0002556749299401417	
1778	0.00025566857366357	
1779	0.00025566230760887265	
1780	0.00025565608229953795	
1781	0.00025564958923496306	
1782	0.00025564321549609303	
1783	0.00025563695235177877	
1784	0.00025563061062712223	
1785	0.00025562418450135737	
1786	0.0002556178398663178	
1787	0.00025561155343893914	
1788	0.0002556051564170048	
1789	0.00025559871282894165	
1790	0.00025559246714692565	
1791	0.0002555860613938421	
1792	0.00025557982735335827	
1793	0.00025557337212376294	
1794	0.0002555669896537438	
1795	0.0002555606479290873	
1796	0.00025555419269949196	
1797	0.0002555478422436863	
1798	0.0002555414015660062	
1799	0.0002555349812610075	
1800	0.00025546637189108876	
1801	0.0002554516977397725	
1802	0.000255460778134875	
1803	0.00025549489655531945	
1804	0.00025545580720063297	
1805	0.0002554474689532071	
1806	0.0002554456557845697	
1807	0.0002554358128691092	
1808	0.0002554268488893285	
1809	0.00025542989606037737	
1810	0.00025542637740727514	
1811	0.00025541461363900455	
1812	0.00025541038194205613	
1813	0.00025540636852383614	
1814	0.00025540011120028794	
1815	0.00025539482885506004	
1816	0.00025539038761053235	
1817	0.000255384822958149	
1818	0.00025537865585647526	
1819	0.0002553736820118502	
1820	0.000255368126090616	
1821	0.0002553628874011338	
1822	0.0002553573256591335	
1823	0.00025535218301229177	
1824	0.0002553466678364202	
1825	0.00025534112937748433	
1826	0.00025533566658850757	
1827	0.0002553304104367271	
1828	0.0002553248690674081	
1829	0.0002553194819483906	
1830	0.0002553141093812883	
1831	0.00025530864077154546	
1832	0.00025530322454869747	
1833	0.00025529776175972076	
1834	0.0002552923862822354	
1835	0.0002552870602812618	
1836	0.0002552815189119428	
1837	0.00025527606485411527	
1838	0.0002552706777350977	
1839	0.0002552652527811006	
1840	0.00025525991804897785	
1841	0.00025525439996272327	
1842	0.00025524903612677007	
1843	0.000255243552965112	
1844	0.0002552379999542609	
1845	0.00025523255171719936	
1846	0.0002552272431785241	
1847	0.00025522166688460855	
1848	0.0002552162681240588	
1849	0.00025521093339193613	
1850	0.0002552054764237255	
1851	0.0002551999408751726	
1852	0.00025519447517581285	
1853	0.0002551891258917749	
1854	0.0002551835816120729	
1855	0.0002551780664362013	
1856	0.0002551726036472246	
1857	0.0002551671146648005	
1858	0.00025516182649880647	
1859	0.0002551562763983384	
1860	0.00025515076413284987	
1861	0.0002551453741034493	
1862	0.0002551398181822151	
1863	0.00025513437285553666	
1864	0.0002551288576796651	
1865	0.0002551235840655863	
1866	0.00025511806888971477	
1867	0.0002551123587181792	
1868	0.0002551069454057142	
1869	0.0002551015728386119	
1870	0.00025509605766274037	
1871	0.0002550905424868688	
1872	0.0002550848905229941	
1873	0.00025507968384772537	
1874	0.00025507395912427455	
1875	0.00025506849342491476	
1876	0.00025506292877253145	
1877	0.0002550574950873852	
1878	0.0002550519828218967	
1879	0.0002550464734667912	
1880	0.0002550409088144079	
1881	0.0002550353790866211	
1882	0.00025502983771730214	
1883	0.0002550244360463694	
1884	0.00025501887721475215	
1885	0.0002550133154727519	
1886	0.0002550078061176464	
1887	0.0002550022298237309	
1888	0.0002549967961385846	
1889	0.00025499121693428606	
1890	0.0002549856784753501	
1891	0.00025498016038909553	
1892	0.0002549744327552617	
1893	0.00025496903399471196	
1894	0.0002549635159084573	
1895	0.00025495794543530794	
1896	0.00025495241570752116	
1897	0.00025494674628134817	
1898	0.00025494121364317835	
1899	0.0002549356635427102	
1900	0.0002548839576775208	
1901	0.00025488022656645627	
1902	0.00025488908868283034	
1903	0.0002548980002757162	
1904	0.0002548715798184276	
1905	0.00025487222883384674	
1906	0.0002548663294874132	
1907	0.0002548596414271742	
1908	0.0002548557560658082	
1909	0.0002548534423112869	
1910	0.00025484484212938695	
1911	0.00025484160287305715	
1912	0.00025483746139798313	
1913	0.00025483257777523247	
1914	0.0002548275690060109	
1915	0.00025482337223365904	
1916	0.0002548179938457906	
1917	0.00025481361080892384	
1918	0.000254809414036572	
1919	0.0002548045129515231	
1920	0.00025479964970145377	
1921	0.000254795141518116	
1922	0.00025479051982983946	
1923	0.0002547857671743259	
1924	0.0002547812327975407	
1925	0.0002547764335758984	
1926	0.00025477181479800494	
1927	0.000254767102887854	
1928	0.00025476246373727917	
1929	0.00025475767906755207	
1930	0.00025475308939348906	
1931	0.00025474840658716856	
1932	0.000254743781988509	
1933	0.0002547390584368259	
1934	0.0002547343552578241	
1935	0.00025472979177720845	
1936	0.00025472515553701667	
1937	0.00025472029228694736	
1938	0.00025471571425441655	
1939	0.00025471105182077735	
1940	0.0002547064214013517	
1941	0.00025470172113273293	
1942	0.0002546970237744972	
1943	0.00025469232641626147	
1944	0.0002546875854022801	
1945	0.0002546829142374918	
1946	0.00025467836239840836	
1947	0.00025467358354944734	
1948	0.0002546689473092556	
1949	0.00025466420920565723	
1950	0.00025465960206929596	
1951	0.0002546547562815249	
1952	0.0002546501957112923	
1953	0.0002546454023104161	
1954	0.0002546407165937126	
1955	0.00025463614729233087	
1956	0.00025463144993409514	
1957	0.00025462665653321894	
1958	0.0002546220581280068	
1959	0.0002546172821894288	
1960	0.0002546125673688948	
1961	0.0002546079107560217	
1962	0.00025460326869506387	
1963	0.0002545983821619302	
1964	0.00025459378957748413	
1965	0.00025458912132307886	
1966	0.0002545844326959923	
1967	0.0002545796713093296	
1968	0.00025457494775764643	
1969	0.0002545702620409429	
1970	0.0002545655937865376	
1971	0.00025456083531025795	
1972	0.00025455613213125615	
1973	0.0002545514435041696	
1974	0.00025454660062678157	
1975	0.00025454190908931197	
1976	0.00025453714770264926	
1977	0.0002545324241509661	
1978	0.00025452765985392036	
1979	0.00025452298868913206	
1980	0.0002545183291658759	
1981	0.0002545135299442336	
1982	0.00025450871326029303	
1983	0.00025450400135014207	
1984	0.0002544993563788012	
1985	0.0002544944582041353	
1986	0.00025448974629398434	
1987	0.00025448510714340953	
1988	0.0002544803108321503	
1989	0.0002544755028793588	
1990	0.00025447075022384525	
1991	0.0002544660732382908	
1992	0.00025446121580898764	
1993	0.00025445649807807056	
1994	0.00025445178034715353	
1995	0.0002544469374697655	
1996	0.00025444222846999766	
1997	0.0002544374903663993	
1998	0.0002544326620409265	
1999	0.0002544278715504333	
2000	0.0002543876733398065	
