epoch	 loss_proj	
0	0.006029451199408088	
1	0.0034269913199490736	
2	0.0020769555371121635	
3	0.0014655332571627305	
4	0.0011405488226695784	
5	0.0009526036634010129	
6	0.0008364242156468597	
7	0.0007592669343076912	
8	0.0007013794550273035	
9	0.0006585731742753913	
10	0.0006206522510702987	
11	0.0005826813430758193	
12	0.0005615705013042316	
13	0.00053339522855822	
14	0.000521257399148973	
15	0.000499029947345012	
16	0.00048323852596305575	
17	0.00047077855560928583	
18	0.0004552173424079748	
19	0.00044464962411439046	
20	0.0004312459298359629	
21	0.00042584149715756733	
22	0.0004192943888483569	
23	0.0004123276542356637	
24	0.0004069936871279164	
25	0.0003996001957732785	
26	0.0003966750965836192	
27	0.0003972104054160549	
28	0.00038712423078582754	
29	0.00038818197208456695	
30	0.00037808720558781976	
31	0.00038505873661571447	
32	0.00039470131430009914	
33	0.0004270222645053374	
34	0.0003729747757980866	
35	0.00038244201849530716	
36	0.0003783905075189458	
37	0.0003744125122986069	
38	0.00036306730128541986	
39	0.000366073917185921	
40	0.0003485543711576611	
41	0.00035422689792799896	
42	0.0003527427870722022	
43	0.0003454559742489697	
44	0.00034540449788827185	
45	0.0003359325595998338	
46	0.00033167068665664246	
47	0.00033457106474088505	
48	0.00033387817789584266	
49	0.0003228294621554336	
50	0.0003218841427172135	
51	0.00032244214578115916	
52	0.00031919858468297334	
53	0.0003148229640958432	
54	0.0003123542638994487	
55	0.00030966989600398975	
56	0.00030690058338223025	
57	0.0003042954418300984	
58	0.0003026461781701073	
59	0.0003011879094369111	
60	0.000298384007432365	
61	0.0002965656473991528	
62	0.0002944964258598962	
63	0.0002940419560348216	
64	0.00029770856365628006	
65	0.00029654295368735414	
66	0.0002906313176416526	
67	0.0002897619285379603	
68	0.00029615143128986735	
69	0.00028710347136698796	
70	0.00028161207332492007	
71	0.0002805836515368095	
72	0.0002796359435056469	
73	0.00027902011632769633	
74	0.00028187780169121524	
75	0.00028544328025808293	
76	0.00027738625171228444	
77	0.00027442321983731484	
78	0.0002727408391365316	
79	0.0002773224171375789	
80	0.00027789069333396455	
81	0.0002777824660630098	
82	0.0002863174449885264	
83	0.00027841310813008543	
84	0.00026637529923131557	
85	0.0002627005030392736	
86	0.00026389302365714684	
87	0.00026461716489783224	
88	0.0002637480881406061	
89	0.0002626248575065152	
90	0.0002608658474595619	
91	0.00026091962198344324	
92	0.0002632963779823123	
93	0.00026440832880325615	
94	0.00026456535384308415	
95	0.000259130158935607	
96	0.000255876146963731	
97	0.00034791749359491017	
98	0.00039753301929782277	
99	0.0003305391998895045	
100	0.00029373027791734785	
101	0.0002684137897241661	
102	0.0002568270444628849	
103	0.0002516348592637639	
104	0.0002499630235044086	
105	0.00024900194538141865	
106	0.0002484806567995942	
107	0.0002481740583399577	
108	0.0002477927565840738	
109	0.0002466572025566295	
110	0.00024485221001668833	
111	0.00024296496433505257	
112	0.00024170048137810745	
113	0.00024085730287229775	
114	0.00024006367467726314	
115	0.00023940527743044577	
116	0.00023863895850289346	
117	0.0002379165697285706	
118	0.00023731318131987273	
119	0.00023680116958400634	
120	0.00023647007349479412	
121	0.00023639849886032089	
122	0.00023662407641365592	
123	0.0002370429740819548	
124	0.00023733333052535142	
125	0.00023709991780508841	
126	0.00023619023444812877	
127	0.00023500328877292174	
128	0.00023428661630272733	
129	0.00023424615730099113	
130	0.00023452448190905021	
131	0.00023454398251487873	
132	0.0002338653866900131	
133	0.00023254157037756938	
134	0.000231463693385844	
135	0.00023126567975850776	
136	0.00023167674641756873	
137	0.00023194770671709972	
138	0.00023147958147871708	
139	0.00023014092013389536	
140	0.00022873930096726066	
141	0.00022826599888503551	
142	0.00022873080316847854	
143	0.00022927272740551935	
144	0.00022901500467144485	
145	0.00022769432689528912	
146	0.0002259391668693362	
147	0.00022501083367387764	
148	0.00022536490255983414	
149	0.0002262387606606353	
150	0.00022628073825866783	
151	0.0002249237264290319	
152	0.00022265091320150532	
153	0.00022138485448002548	
154	0.00022185454093102765	
155	0.00022333412146378708	
156	0.00022388269956406605	
157	0.00022257367995085327	
158	0.00021939873113296926	
159	0.00021773097354785671	
160	0.00021849153979149248	
161	0.00022098701031479453	
162	0.00022248136208093326	
163	0.00022052442831669135	
164	0.00021486956679187382	
165	0.00021304783747057497	
166	0.0002148690473404713	
167	0.00021913891915963695	
168	0.00022222006373340264	
169	0.00021702628094187406	
170	0.00021102438456312354	
171	0.0002089546796923969	
172	0.00021215679303817784	
173	0.00021775990639330952	
174	0.0002209929797183057	
175	0.00021071607157604637	
176	0.0002050805485071448	
177	0.00020574689395808882	
178	0.000208981538630074	
179	0.00020549442004786606	
180	0.00020277779549360275	
181	0.00020054299550663148	
182	0.00020478885250798027	
183	0.0002008526233631918	
184	0.00020432507517398335	
185	0.00019888566904618138	
186	0.0002040676515337379	
187	0.00020304451157114402	
188	0.0001991026814981264	
189	0.00019751560518800813	
190	0.0002082723538998315	
191	0.00020166052880605484	
192	0.00020179091292707847	
193	0.00019706419672209968	
194	0.00019474260989227332	
195	0.0001987308166592681	
196	0.00019645117260681997	
197	0.00019623448029701	
198	0.00019724005635777888	
199	0.0001961797326137977	
200	0.00019061476164746897	
201	0.00019059989764563006	
202	0.00019245892976219432	
203	0.00019638422756023438	
204	0.0002017051101574907	
205	0.00020442834907693656	
206	0.0002036409589761336	
207	0.00021406856831163168	
208	0.00019267196850185947	
209	0.00018960972322799665	
210	0.00018886963542692165	
211	0.00018668991210038906	
212	0.00018734819267202902	
213	0.00018810777224384116	
214	0.00019035042428835629	
215	0.00019571549923317174	
216	0.00019370096197235398	
217	0.0001864111280675778	
218	0.00018415970719485943	
219	0.0001839242683802565	
220	0.00018616459081905696	
221	0.00018955248248987897	
222	0.00019279676780570298	
223	0.00019814295254556264	
224	0.00019208901669896607	
225	0.0002156336049665697	
226	0.00020399879940669052	
227	0.00019168448956666647	
228	0.0001854037683577709	
229	0.00018244163402414415	
230	0.00018149706920667086	
231	0.0001803650811780244	
232	0.00018041172240503198	
233	0.00018061710008104065	
234	0.00018147872963579305	
235	0.0001830194931764189	
236	0.00018585504819514296	
237	0.00018753660593314895	
238	0.00018267560283545339	
239	0.00017911450127680188	
240	0.00017868055147118866	
241	0.00018007036071919304	
242	0.00018397949757594949	
243	0.00018955797375903266	
244	0.00018805571146783353	
245	0.00018219354257910579	
246	0.00018127117930686967	
247	0.00017679541165957095	
248	0.00017860963323203447	
249	0.00018255906590119203	
250	0.0001885888195829466	
251	0.00018432440395242468	
252	0.00017671503285652892	
253	0.00017529185009022643	
254	0.00017557970048593624	
255	0.00017806028621894905	
256	0.00018164748819669642	
257	0.0001861903445907436	
258	0.00018596020033458314	
259	0.00018047107992710413	
260	0.00017920060314021872	
261	0.0001742279699621057	
262	0.00017555016581484648	
263	0.00017861794783259808	
264	0.00018339175507467838	
265	0.0001824604072940669	
266	0.0001756034481721664	
267	0.0001728853855768518	
268	0.00017276315338676795	
269	0.00017434857701508527	
270	0.00017762573588697705	
271	0.00018020964905320267	
272	0.00018117604901947613	
273	0.00017750430327266389	
274	0.00017455239451789697	
275	0.00017330673446329975	
276	0.0001747974357775612	
277	0.000178005880245889	
278	0.00018016209807163768	
279	0.00017611834872306126	
280	0.00017224069207648945	
281	0.00017131724858440327	
282	0.00017297643197317875	
283	0.0001757054841229027	
284	0.00017781378483050503	
285	0.0001769849295669701	
286	0.000173443329393714	
287	0.0001715065027383389	
288	0.00017184748295611435	
289	0.00017375473336349906	
290	0.00017560018282633143	
291	0.00017517782492047575	
292	0.0001724490783609716	
293	0.0001707492979871209	
294	0.00017094493133689475	
295	0.00017225008247935745	
296	0.00017350394435717526	
297	0.00017345698662601144	
298	0.00017193792129026924	
299	0.00017064689615965887	
300	0.00016713837171014996	
301	0.00016601959941908717	
302	0.00016362700002251325	
303	0.00016359837016872398	
304	0.00016311216859321576	
305	0.00016307916562904472	
306	0.0001627046229779288	
307	0.0001626636375086881	
308	0.000162472363237092	
309	0.00016236882558067528	
310	0.00016231033389755924	
311	0.00016229616397010562	
312	0.00016230380918256872	
313	0.00016231924096895715	
314	0.00016231988826932917	
315	0.00016230834600199678	
316	0.00016243117430089375	
317	0.000162902809669114	
318	0.00016352528109564446	
319	0.00016380474023338008	
320	0.00016371412181927423	
321	0.0001634437643848027	
322	0.00016309601414832287	
323	0.0001627342654891046	
324	0.0001624585446344489	
325	0.0001623423967040643	
326	0.00016231450406069468	
327	0.00016220554867426733	
328	0.00016197185816833683	
329	0.00016168295561718487	
330	0.00016143113160589046	
331	0.0001612696895400794	
332	0.00016118625587426192	
333	0.00016113623132696375	
334	0.00016107411647681147	
335	0.00016098843220139055	
336	0.00016089928898769097	
337	0.0001608410524828027	
338	0.0001608343110482175	
339	0.00016085925043236266	
340	0.00016089130232493126	
341	0.00016089664339753135	
342	0.00016084244271041825	
343	0.00016069709038544846	
344	0.00016046704149630386	
345	0.00016020553474455873	
346	0.00015998787837036486	
347	0.00015984155886274363	
348	0.00015970376781686873	
349	0.00015948385355711383	
350	0.00015919639606311518	
351	0.00015896368729175135	
352	0.0001588527401119271	
353	0.00015879618903064902	
354	0.00015868718453150774	
355	0.00015849543134598726	
356	0.0001582878820564864	
357	0.00015813220488780644	
358	0.0001580279243041462	
359	0.00015791936519755318	
360	0.00015776335567352362	
361	0.00015756513676024042	
362	0.00015736866693519654	
363	0.00015720798884493497	
364	0.0001570858652745041	
365	0.00015696868571727203	
366	0.0001568218888548602	
367	0.00015664584809980755	
368	0.00015646351234214047	
369	0.00015630000078609946	
370	0.00015616428676626777	
371	0.00015604325952673598	
372	0.00015590849294052793	
373	0.00015574643371759782	
374	0.0001555650485118219	
375	0.00015539349884160662	
376	0.00015525340937269254	
377	0.00015513079363570017	
378	0.00015500274405764815	
379	0.00015485567850451583	
380	0.00015468992621338527	
381	0.0001545270980776487	
382	0.00015438765253098348	
383	0.00015426917499488418	
384	0.00015415485255029386	
385	0.00015402624896004063	
386	0.00015387756112821599	
387	0.00015371712626282324	
388	0.00015357288222211146	
389	0.00015345265767661788	
390	0.00015334254047567292	
391	0.00015322125026224448	
392	0.00015307772368292457	
393	0.0001529157936082421	
394	0.0001527552519421858	
395	0.00015261649163481446	
396	0.00015249350196557186	
397	0.0001523731739975379	
398	0.00015223611548468137	
399	0.00015207621358318387	
400	0.0001492325513286882	
401	0.00014834091104733358	
402	0.00014828700035910254	
403	0.0001483035601787768	
404	0.0001485779492733335	
405	0.0001489913380022959	
406	0.0001492404771852307	
407	0.00014917082210428947	
408	0.00014888083205732983	
409	0.0001484622948087885	
410	0.0001479952736969738	
411	0.0001475915510777018	
412	0.0001473205530991046	
413	0.00014711486307662978	
414	0.00014694132473128514	
415	0.00014680635415840828	
416	0.0001467014130217389	
417	0.00014662639685931417	
418	0.0001465879792834	
419	0.0001465842399608976	
420	0.00014662691942898424	
421	0.0001467058134169617	
422	0.0001468049888769331	
423	0.00014689955839587907	
424	0.00014695557495412816	
425	0.00014694498687666574	
426	0.0001468820287949971	
427	0.0001468053079796456	
428	0.00014673554349948454	
429	0.00014667444572426445	
430	0.00014660875500080043	
431	0.00014652679497625547	
432	0.0001464245688111987	
433	0.00014632277894374317	
434	0.0001462408745283028	
435	0.0001461748174084018	
436	0.0001461109027981625	
437	0.00014603306720216227	
438	0.00014594006513237088	
439	0.00014584354565678432	
440	0.00014575543225094276	
441	0.00014568310377528957	
442	0.00014561341803138412	
443	0.0001455290850052344	
444	0.0001454292658828698	
445	0.00014531797751260456	
446	0.0001452134082293404	
447	0.00014512203129665328	
448	0.000145041398354806	
449	0.00014495933750627695	
450	0.00014486242486912358	
451	0.00014474909923072637	
452	0.0001446370822252772	
453	0.00014454375481623823	
454	0.0001444709791290474	
455	0.0001444054172939754	
456	0.00014432730391230768	
457	0.00014422591734078845	
458	0.0001441115447440617	
459	0.00014400673925203073	
460	0.00014392503726412542	
461	0.00014386413957773975	
462	0.0001438048498779868	
463	0.00014372146038762627	
464	0.00014360932436829899	
465	0.00014348740452468128	
466	0.0001433814317611645	
467	0.0001433102560050819	
468	0.00014326065008520215	
469	0.00014320248530046747	
470	0.00014311302168477726	
471	0.00014298373025667388	
472	0.00014284674216469284	
473	0.00014274098248279188	
474	0.0001426806879213213	
475	0.00014265013565558808	
476	0.0001426077706128126	
477	0.00014251187894842587	
478	0.00014236453171179164	
479	0.00014221157185342496	
480	0.0001421003450689438	
481	0.00014205114244500043	
482	0.00014205321271479728	
483	0.00014204880634289502	
484	0.00014196371349888586	
485	0.00014178656627856462	
486	0.00014159301515194654	
487	0.00014145984719756858	
488	0.00014141960257672639	
489	0.00014146026712426516	
490	0.00014151792441095625	
491	0.00014146947900631597	
492	0.0001412594166530263	
493	0.000140998927236069	
494	0.0001408151318693334	
495	0.0001407549945205184	
496	0.00014082563367472694	
497	0.0001409800882226721	
498	0.0001410417662555119	
499	0.00014082240860651446	
500	0.00013863282557784778	
501	0.00013833385855832603	
502	0.0001384499080034272	
503	0.00013868972226711257	
504	0.00013884004251199907	
505	0.0001391039755357529	
506	0.0001395891098841925	
507	0.0001400792872508256	
508	0.0001405054281349294	
509	0.00014059277600608766	
510	0.0001402521398371651	
511	0.00013956428613580232	
512	0.00013889913420176266	
513	0.0001384755788811682	
514	0.00013832220559249566	
515	0.0001383741315034318	
516	0.00013857064316523195	
517	0.00013882157327316236	
518	0.00013903092674029592	
519	0.0001391140199952393	
520	0.00013901985974890913	
521	0.00013876037883164827	
522	0.00013843161780511894	
523	0.0001381446044043904	
524	0.0001379645052241228	
525	0.00013790318683147364	
526	0.00013794068088048204	
527	0.00013803941510559525	
528	0.00013815274256298186	
529	0.00013823257852761474	
530	0.0001382452288193495	
531	0.00013817823569947256	
532	0.00013804052910667712	
533	0.00013786232635279054	
534	0.0001376861429369975	
535	0.00013754382130822966	
536	0.00013745278608569476	
537	0.00013741414477408398	
538	0.00013741440203115677	
539	0.00013743191759983477	
540	0.00013744813518964553	
541	0.0001374464879648128	
542	0.0001374170377468025	
543	0.00013735690143741003	
544	0.0001372704898260833	
545	0.00013716878337228472	
546	0.00013706351689636773	
547	0.00013696554586723714	
548	0.00013688390936295036	
549	0.00013682100689038634	
550	0.00013677408423973247	
551	0.00013673857314902956	
552	0.00013670847069339028	
553	0.00013667867876522775	
554	0.00013664301332028117	
555	0.00013660007321699856	
556	0.00013654877615668478	
557	0.0001364886505013731	
558	0.00013642218748697945	
559	0.0001363533483527135	
560	0.0001362846739669164	
561	0.00013621878965100871	
562	0.00013615700923505107	
563	0.00013609858641367673	
564	0.0001360434354345281	
565	0.00013599234495943944	
566	0.00013594331773804567	
567	0.0001358957062101191	
568	0.00013584828385709052	
569	0.0001358016000137598	
570	0.00013575372681121474	
571	0.0001357035068524835	
572	0.00013565151909590765	
573	0.00013559886584906572	
574	0.00013554539821468228	
575	0.00013549217146646697	
576	0.00013543811681821744	
577	0.00013538565326598473	
578	0.00013533255488645018	
579	0.00013527933021707992	
580	0.00013522679806296116	
581	0.00013517608177997836	
582	0.00013512541305057572	
583	0.00013507584169149465	
584	0.00013502537435020452	
585	0.0001349760649255976	
586	0.00013492702471142235	
587	0.00013487763239286972	
588	0.0001348301863929789	
589	0.00013478370263848255	
590	0.00013473543965249388	
591	0.00013468618687641407	
592	0.00013463829600368626	
593	0.00013459113324643113	
594	0.0001345433094164556	
595	0.0001344967661550202	
596	0.0001344496296431836	
597	0.00013440286706359724	
598	0.00013435596208312615	
599	0.00013430971999436485	
600	0.00013273897379154472	
601	0.0001332916607290307	
602	0.00013219808637846394	
603	0.0001322331429816716	
604	0.0001324094693180606	
605	0.00013239668494082122	
606	0.00013247846384599273	
607	0.00013262918998537186	
608	0.0001328656752385931	
609	0.00013301605161229548	
610	0.00013291133057334394	
611	0.00013248610100293132	
612	0.00013196503537723662	
613	0.00013156437528648115	
614	0.00013133834402521773	
615	0.00013123387140824758	
616	0.00013119475079292897	
617	0.000131186202452227	
618	0.00013118839420453047	
619	0.00013119055555372533	
620	0.00013118625949053758	
621	0.000131176141621836	
622	0.00013115886680939833	
623	0.00013113902540291228	
624	0.00013111640795874076	
625	0.00013109435466114	
626	0.00013107324476940057	
627	0.0001310539563356932	
628	0.00013103639620177482	
629	0.0001310190190062193	
630	0.00013100293043472839	
631	0.00013098636087046804	
632	0.0001309695321002177	
633	0.00013095023080365666	
634	0.00013092995452877534	
635	0.00013090759849936667	
636	0.00013088342049221474	
637	0.00013085667147346873	
638	0.00013082770692562917	
639	0.0001307974204922045	
640	0.00013076532104605576	
641	0.0001307310720741433	
642	0.00013069514976190736	
643	0.0001306571314541673	
644	0.00013061735483331307	
645	0.00013057542790712823	
646	0.00013053009661234682	
647	0.00013048289955414866	
648	0.0001304328126414995	
649	0.00013038144087269238	
650	0.00013033079851863607	
651	0.00013028664566913255	
652	0.00013026136418505172	
653	0.00013027059412706876	
654	0.00013032567702404258	
655	0.0001304237215923162	
656	0.00013053666147503203	
657	0.00013063155854199846	
658	0.00013069100584419045	
659	0.0001307199705219578	
660	0.00013072659671057148	
661	0.00013071549645766417	
662	0.00013068778259496736	
663	0.0001306460447137527	
664	0.00013059201098388127	
665	0.00013052478581292753	
666	0.00013044422095325508	
667	0.00013035252621713362	
668	0.00013025120551901637	
669	0.00013014359358619134	
670	0.00013003220971898242	
671	0.0001299220947268103	
672	0.00012981677563012845	
673	0.00012971714984035186	
674	0.0001296237805945566	
675	0.00012953709899323127	
676	0.00012945851072540142	
677	0.0001293865485162574	
678	0.0001293204460515491	
679	0.00012925824051178227	
680	0.00012920150974033668	
681	0.00012914759476448774	
682	0.00012909546122890397	
683	0.0001290452158043211	
684	0.00012899622080502532	
685	0.0001289478732360294	
686	0.00012890010553486979	
687	0.0001288517861602096	
688	0.00012880236967508348	
689	0.00012875450439813512	
690	0.0001287051466403812	
691	0.000128657563566646	
692	0.00012860885804652104	
693	0.00012856210703051017	
694	0.00012851748955914184	
695	0.00012847626827091778	
696	0.0001284389576799835	
697	0.0001284098379983334	
698	0.00012838800388895573	
699	0.000128373455741634	
700	0.00012766234496146872	
701	0.00012827078327453428	
702	0.0001284623588487323	
703	0.00012822221054063578	
704	0.00012805775259039365	
705	0.00012806104509114187	
706	0.00012816920609891116	
707	0.00012828961176377822	
708	0.0001283731422258175	
709	0.00012843756849179044	
710	0.00012850816957714933	
711	0.00012859243400141298	
712	0.00012867937285981107	
713	0.000128756311953891	
714	0.00012881968645420523	
715	0.00012887523852051736	
716	0.000128934059050932	
717	0.0001290081971611861	
718	0.00012910631513867493	
719	0.00012922492792962918	
720	0.00012933765888841923	
721	0.00012943146469167135	
722	0.00012959024531612937	
723	0.00012998246113836233	
724	0.0001306642646211133	
725	0.00013144579926509841	
726	0.00013192097490640923	
727	0.00013177220573977268	
728	0.0001311539092837068	
729	0.0001304837867012663	
730	0.0001299918317922025	
731	0.0001296793378579813	
732	0.00012947762635511545	
733	0.00012933215579583442	
734	0.00012921543124580888	
735	0.00012911623031998585	
736	0.0001290284679790992	
737	0.0001289464584520569	
738	0.00012886778027417937	
739	0.0001287919232189389	
740	0.00012871776743850205	
741	0.00012864611614661823	
742	0.00012857672897683057	
743	0.00012850905165708224	
744	0.00012844302610964014	
745	0.0001283778605544025	
746	0.00012831348573984412	
747	0.00012825078673423768	
748	0.00012818909843710053	
749	0.00012812811071073935	
750	0.00012806733424700463	
751	0.0001280074251813598	
752	0.00012794863531390938	
753	0.00012789058603500183	
754	0.00012783346431076228	
755	0.00012777711071976228	
756	0.00012772169234917134	
757	0.00012766707563319609	
758	0.0001276136355435093	
759	0.00012756169404123545	
760	0.00012751156477211874	
761	0.00012746284924755206	
762	0.00012741521121435135	
763	0.0001273693693032588	
764	0.0001273254928102168	
765	0.00012728370685571072	
766	0.00012724390295001546	
767	0.00012720499073891136	
768	0.00012716753683759765	
769	0.00012713266772022638	
770	0.00012709939788432427	
771	0.00012706777852145024	
772	0.00012703672044673503	
773	0.0001270076578033955	
774	0.0001269797099407047	
775	0.00012695190071099205	
776	0.00012692528967558507	
777	0.00012689972105103413	
778	0.00012687508868631476	
779	0.00012685088261475488	
780	0.00012682638953265268	
781	0.0001268017965360611	
782	0.00012677780913301312	
783	0.00012675440926354246	
784	0.00012672993930859126	
785	0.00012670539971233147	
786	0.0001266802207412963	
787	0.0001266545246575593	
788	0.0001266287115088614	
789	0.00012660261550731126	
790	0.00012657618143358768	
791	0.00012654859593957162	
792	0.00012652011628233595	
793	0.00012649136208762814	
794	0.00012646195877355889	
795	0.00012643212656777387	
796	0.0001264017212503989	
797	0.00012637077543331543	
798	0.00012633960653017442	
799	0.00012630817257429174	
800	0.00012660613382260117	
801	0.00012601782847403747	
802	0.00012543851244117832	
803	0.00012552022898099885	
804	0.00012563416852831973	
805	0.00012553408994010949	
806	0.00012554607058388813	
807	0.0001255898126016421	
808	0.00012561645988690934	
809	0.00012564306923325473	
810	0.00012567654812301043	
811	0.00012571695099593074	
812	0.00012576223785539957	
813	0.00012581361235269078	
814	0.00012587296467765036	
815	0.0001259415679929329	
816	0.0001260216658920399	
817	0.00012611584185963563	
818	0.00012622704161913134	
819	0.0001263592649982976	
820	0.00012651730464442932	
821	0.00012670695624754963	
822	0.00012693408033166115	
823	0.00012720259149188808	
824	0.00012751276855332044	
825	0.00012785361247681846	
826	0.00012819448472458004	
827	0.00012847867752238277	
828	0.0001286348638781679	
829	0.00012860512379120337	
830	0.00012838172785580224	
831	0.00012800880501475018	
832	0.00012756052066314233	
833	0.00012712484801470834	
834	0.00012676903289892443	
835	0.00012651859612690584	
836	0.00012635830989893293	
837	0.0001262576943190652	
838	0.00012618822295605372	
839	0.00012613158573263457	
840	0.0001260779964858167	
841	0.0001260253415499132	
842	0.0001259723820632124	
843	0.0001259197362222559	
844	0.00012586912998813204	
845	0.00012581962528201984	
846	0.00012577162695898942	
847	0.00012572591783412333	
848	0.00012568158854264766	
849	0.00012563815861150424	
850	0.00012559539287134873	
851	0.0001255542481106074	
852	0.00012551404311774865	
853	0.00012547380681228657	
854	0.00012543400420586944	
855	0.00012539540304195334	
856	0.00012535734055875634	
857	0.00012531951870187186	
858	0.00012528228606762632	
859	0.00012524553390643893	
860	0.00012520922986628387	
861	0.00012517255579171303	
862	0.0001251365494161811	
863	0.0001251015503709953	
864	0.00012506618376002216	
865	0.0001250313676531992	
866	0.00012499688689006559	
867	0.00012496241639122933	
868	0.00012492785273415002	
869	0.0001248939588549547	
870	0.0001248597804338455	
871	0.0001248257268733661	
872	0.00012479271702302088	
873	0.00012475882587230963	
874	0.00012472506101143414	
875	0.00012469203375076177	
876	0.00012465887916083114	
877	0.00012462606874968124	
878	0.0001245931442619102	
879	0.00012456011492239277	
880	0.00012452707103096015	
881	0.00012449419643546986	
882	0.00012446119425086572	
883	0.0001244280139352278	
884	0.0001243954992397838	
885	0.00012436254889637764	
886	0.00012432970717262442	
887	0.0001242965103561541	
888	0.0001242637591920876	
889	0.0001242308583511788	
890	0.0001241973221632569	
891	0.00012416454566326656	
892	0.00012413166846922	
893	0.00012409817398812656	
894	0.0001240652461222323	
895	0.00012403187078494478	
896	0.0001239984911600394	
897	0.0001239652735551187	
898	0.00012393187015342328	
899	0.00012389823145245567	
900	0.00012367357105956347	
901	0.00012264639670840033	
902	0.00012209069388648328	
903	0.0001221381055854311	
904	0.0001221500350376508	
905	0.0001221027278006659	
906	0.00012209028786206285	
907	0.00012209886712558467	
908	0.000122098904025084	
909	0.0001221033285868803	
910	0.00012211162551726114	
911	0.0001221199091950049	
912	0.00012212757428642362	
913	0.0001221358232734409	
914	0.00012214524135093337	
915	0.00012215480598700066	
916	0.00012216451094510767	
917	0.00012217447069165895	
918	0.00012218414147875073	
919	0.00012219383318422063	
920	0.0001222032073461118	
921	0.0001222122394080673	
922	0.0001222211312779109	
923	0.00012222945939096723	
924	0.00012223692985051976	
925	0.000122244343791473	
926	0.00012225061137931853	
927	0.0001222565887084264	
928	0.00012226158625188482	
929	0.00012226640228618635	
930	0.00012226959110453857	
931	0.00012227263973077891	
932	0.00012227428903445668	
933	0.00012227616805051054	
934	0.0001222765330177416	
935	0.0001222760390321907	
936	0.00012227499844032406	
937	0.0001222733265292066	
938	0.0001222704240717576	
939	0.0001222669353800094	
940	0.00012226247638734224	
941	0.00012225728772006863	
942	0.00012225098881961976	
943	0.00012224386513740422	
944	0.00012223605283777163	
945	0.00012222760532105376	
946	0.00012221815567110234	
947	0.00012220793074188156	
948	0.00012219673317304114	
949	0.00012218499263586376	
950	0.00012217300471612752	
951	0.00012216055971033972	
952	0.00012214756043249508	
953	0.00012213424010302072	
954	0.00012212011136268432	
955	0.00012210564052241222	
956	0.00012209104690035538	
957	0.000122076183937939	
958	0.000122061415303116	
959	0.00012204621504809308	
960	0.0001220309060434894	
961	0.00012201531197726061	
962	0.00012199968750792323	
963	0.0001219842405199805	
964	0.00012196851366752526	
965	0.0001219528027961912	
966	0.00012193681037128304	
967	0.00012192088252049871	
968	0.0001219047350917078	
969	0.00012188840381505932	
970	0.00012187244348232136	
971	0.0001218558720990716	
972	0.0001218394190800609	
973	0.00012182327983672232	
974	0.00012180734522969163	
975	0.00012179088779313523	
976	0.00012177429315280668	
977	0.00012175795083229397	
978	0.0001217416893268819	
979	0.00012172502335618316	
980	0.00012170865362090158	
981	0.00012169244395668752	
982	0.00012167608604483706	
983	0.00012165925857386486	
984	0.00012164292093075346	
985	0.00012162669762411886	
986	0.00012160983377335859	
987	0.00012159362229015511	
988	0.00012157722475032122	
989	0.00012156090230876413	
990	0.00012154447150740972	
991	0.00012152806539234007	
992	0.00012151152493191018	
993	0.00012149463990291614	
994	0.00012147846648856233	
995	0.00012146226150174957	
996	0.00012144599674814214	
997	0.00012142987179686315	
998	0.00012141334510878161	
999	0.0001213974085528337	
1000	0.0001213581532023714	
1001	0.00012095375054091814	
1002	0.00012119465502889528	
1003	0.00012157192668382777	
1004	0.00012176224468670885	
1005	0.00012202989702408169	
1006	0.00012224068359500961	
1007	0.00012239496300026076	
1008	0.00012247953366438326	
1009	0.00012246765943148472	
1010	0.00012234677225413698	
1011	0.000122144304961174	
1012	0.00012189351829355084	
1013	0.00012163510733184271	
1014	0.00012140345916122897	
1015	0.0001212177194247488	
1016	0.00012108052786581018	
1017	0.00012098335459346085	
1018	0.00012091402290285	
1019	0.00012086174046999076	
1020	0.00012081958863875895	
1021	0.0001207821682588214	
1022	0.00012074869508588952	
1023	0.00012071789037041267	
1024	0.00012068916281090683	
1025	0.00012066262388543691	
1026	0.00012063796059789768	
1027	0.00012061513241081099	
1028	0.00012059366625700412	
1029	0.00012057377080054721	
1030	0.00012055454953951994	
1031	0.00012053664314797581	
1032	0.0001205190900301594	
1033	0.0001205024484858898	
1034	0.00012048642955570748	
1035	0.00012047075948170718	
1036	0.00012045571643933986	
1037	0.00012044067651524009	
1038	0.00012042644084431231	
1039	0.00012041200794296206	
1040	0.00012039818050522757	
1041	0.00012038458057109633	
1042	0.00012037079510004592	
1043	0.00012035737628528815	
1044	0.00012034375881090195	
1045	0.00012033052748198056	
1046	0.00012031734357671147	
1047	0.00012030393606567356	
1048	0.00012029113141969512	
1049	0.00012027806587866507	
1050	0.00012026477010554768	
1051	0.0001202512118782449	
1052	0.0001202380939763056	
1053	0.000120224976983861	
1054	0.00012021160000585951	
1055	0.00012019786871470777	
1056	0.00012018433634304009	
1057	0.00012017040561269303	
1058	0.00012015617812721757	
1059	0.00012014192231747854	
1060	0.00012012741912518063	
1061	0.0001201124583271199	
1062	0.00012009765266286974	
1063	0.0001200825710319415	
1064	0.00012006724383744378	
1065	0.00012005201382895134	
1066	0.0001200368572296741	
1067	0.00012002150534889162	
1068	0.0001200059797546211	
1069	0.00011999026095769036	
1070	0.00011997461738896423	
1071	0.00011995912024888509	
1072	0.00011994352488337816	
1073	0.00011992781245291033	
1074	0.00011991208066319814	
1075	0.00011989644502006871	
1076	0.0001198815031914689	
1077	0.00011986635438786055	
1078	0.00011985077435383573	
1079	0.00011983532437755327	
1080	0.00011982059537071368	
1081	0.00011980566952323508	
1082	0.00011979052305832738	
1083	0.00011977532813034486	
1084	0.00011976010929564447	
1085	0.00011974485603007321	
1086	0.00011972972034917413	
1087	0.00011971533266270333	
1088	0.00011970067927385182	
1089	0.00011968557971288516	
1090	0.0001196706363251516	
1091	0.00011965573087633987	
1092	0.00011964092794057381	
1093	0.00011962655298702884	
1094	0.00011961189440106474	
1095	0.0001195968915063921	
1096	0.00011958177713365461	
1097	0.00011956710360599183	
1098	0.00011955284493784088	
1099	0.00011953860056174952	
1100	0.00011923143275842969	
1101	0.00011838847603939939	
1102	0.00011821317860137372	
1103	0.00011824823208631383	
1104	0.00011819227802334353	
1105	0.00011821264524769504	
1106	0.00011819319856190955	
1107	0.00011819748462065556	
1108	0.00011820144040289701	
1109	0.00011819888355343469	
1110	0.00011819971872942656	
1111	0.00011820023532241716	
1112	0.00011820132229851359	
1113	0.00011820300759219598	
1114	0.00011820424073708377	
1115	0.000118205908620439	
1116	0.00011820764341661873	
1117	0.00011820944772417923	
1118	0.00011821147810613703	
1119	0.00011821320003946312	
1120	0.00011821537425151161	
1121	0.00011821696807601256	
1122	0.00011821926442020672	
1123	0.00011822091229467853	
1124	0.00011822305766275219	
1125	0.00011822485287536568	
1126	0.00011822648333951033	
1127	0.00011822803701631659	
1128	0.0001182295448286043	
1129	0.00011823092154372716	
1130	0.00011823224368916791	
1131	0.00011823338003783388	
1132	0.00011823409360139132	
1133	0.00011823502310497653	
1134	0.00011823566533816379	
1135	0.00011823580111273	
1136	0.00011823581514493396	
1137	0.00011823552436648502	
1138	0.00011823542718047975	
1139	0.00011823488720048252	
1140	0.00011823376176575298	
1141	0.0001182328414870426	
1142	0.00011823159106175549	
1143	0.00011822958523615463	
1144	0.00011822756680755577	
1145	0.00011822530151610928	
1146	0.00011822260148619534	
1147	0.00011821945164618748	
1148	0.00011821595554855386	
1149	0.00011821204550090312	
1150	0.00011820777321450546	
1151	0.00011820288857831786	
1152	0.0001181979166306389	
1153	0.00011819266520823086	
1154	0.00011818665682637532	
1155	0.00011818025333403577	
1156	0.00011817369444803003	
1157	0.00011816656764754693	
1158	0.00011815947813634661	
1159	0.00011815212019428145	
1160	0.00011814465947931499	
1161	0.00011813642049673945	
1162	0.0001181285586946095	
1163	0.00011812015496356512	
1164	0.00011811162338355124	
1165	0.00011810327721052869	
1166	0.00011809487906638034	
1167	0.00011808580698665796	
1168	0.00011807676855823956	
1169	0.00011806785888828537	
1170	0.00011805875445653718	
1171	0.0001180497806022426	
1172	0.00011804054520325735	
1173	0.00011803104241282978	
1174	0.00011802134512046385	
1175	0.00011801180361154755	
1176	0.00011800207669563991	
1177	0.00011799246021837462	
1178	0.00011798263949458487	
1179	0.00011797273197901501	
1180	0.00011796305859336696	
1181	0.00011795303596175342	
1182	0.00011794294979543858	
1183	0.00011793308216770779	
1184	0.00011792316932509752	
1185	0.00011791300520209396	
1186	0.00011790292891029302	
1187	0.0001178927750515868	
1188	0.00011788257701742364	
1189	0.00011787228920314061	
1190	0.00011786205180084965	
1191	0.0001178518494790686	
1192	0.00011784144343047436	
1193	0.00011783132491213369	
1194	0.00011782096732661427	
1195	0.00011781055127357831	
1196	0.00011779997852759802	
1197	0.00011778963107644813	
1198	0.00011777946071690946	
1199	0.00011776885224078017	
1200	0.00011755247682490985	
1201	0.00011699405162549478	
1202	0.00011692794331403482	
1203	0.00011695399955767374	
1204	0.00011690352299150877	
1205	0.00011689591402890593	
1206	0.0001168771506334971	
1207	0.00011687658609714293	
1208	0.00011686702263042597	
1209	0.00011686068825968375	
1210	0.00011685620419094838	
1211	0.00011685131318829787	
1212	0.00011684703869312736	
1213	0.00011684290841783098	
1214	0.00011683936944401856	
1215	0.00011683582839136111	
1216	0.00011683259435812943	
1217	0.00011682955066914604	
1218	0.00011682638783635671	
1219	0.00011682344912904747	
1220	0.00011682047560108393	
1221	0.00011681761329132964	
1222	0.00011681475565897667	
1223	0.00011681184852412636	
1224	0.00011680917798782633	
1225	0.00011680628371582966	
1226	0.00011680349247658992	
1227	0.0001168008945699382	
1228	0.00011679801381043424	
1229	0.00011679525817141569	
1230	0.00011679255827142956	
1231	0.00011678963788394217	
1232	0.00011678706180516331	
1233	0.00011678409334438453	
1234	0.00011678129482918718	
1235	0.00011677817500250447	
1236	0.00011677525890263496	
1237	0.00011677246597433364	
1238	0.00011676933432421979	
1239	0.00011676635975683374	
1240	0.00011676307933937226	
1241	0.0001167600690418372	
1242	0.00011675665271988172	
1243	0.00011675359330963277	
1244	0.00011675007603376539	
1245	0.00011674666919654035	
1246	0.00011674304122217498	
1247	0.0001167395221273182	
1248	0.00011673580956994556	
1249	0.00011673177349231472	
1250	0.00011672800701489905	
1251	0.0001167239028550934	
1252	0.00011671965356591889	
1253	0.00011671539362266361	
1254	0.00011671094541400504	
1255	0.00011670632362178626	
1256	0.0001167016054231291	
1257	0.00011669677457705672	
1258	0.00011669174325236651	
1259	0.00011668649092046377	
1260	0.00011668134577900804	
1261	0.00011667587503844905	
1262	0.00011667021759162058	
1263	0.00011666424883774848	
1264	0.00011665846484122864	
1265	0.00011665252285248633	
1266	0.00011664619121022821	
1267	0.00011663979460406284	
1268	0.00011663351428329147	
1269	0.00011662701386480226	
1270	0.0001166204323713568	
1271	0.00011661346083461208	
1272	0.00011660651606299715	
1273	0.00011659956986217626	
1274	0.00011659254479517196	
1275	0.00011658541682533854	
1276	0.00011657835992601966	
1277	0.00011657097846702007	
1278	0.00011656375863822177	
1279	0.00011655647189659899	
1280	0.00011654882655420806	
1281	0.0001165413640202522	
1282	0.00011653381469451623	
1283	0.00011652618949093656	
1284	0.00011651844514355097	
1285	0.00011651080097051038	
1286	0.00011650299854539168	
1287	0.00011649544960943916	
1288	0.00011648757663351716	
1289	0.00011647972834387994	
1290	0.00011647181340127386	
1291	0.00011646374254529032	
1292	0.00011645601651772657	
1293	0.00011644804076890328	
1294	0.00011644012504673031	
1295	0.00011643208576320571	
1296	0.00011642389563348843	
1297	0.000116415970426585	
1298	0.00011640788657782	
1299	0.00011639973776514776	
1300	0.0001162355737116221	
1301	0.00011590718362900329	
1302	0.00011595948879923006	
1303	0.00011598330755597479	
1304	0.00011601802920527657	
1305	0.00011606951609012737	
1306	0.00011618158922439241	
1307	0.00011631620470455215	
1308	0.00011638700315026134	
1309	0.00011627551845906834	
1310	0.00011608573445950501	
1311	0.00011596794021378238	
1312	0.0001159335884689686	
1313	0.0001159395446198427	
1314	0.00011594857785114852	
1315	0.00011594895360238817	
1316	0.00011594408819551713	
1317	0.00011593820051660129	
1318	0.00011593260322635095	
1319	0.00011592754357739718	
1320	0.00011592252667469438	
1321	0.00011591741713345982	
1322	0.00011591232253392394	
1323	0.00011590710502267549	
1324	0.00011590195910165286	
1325	0.00011589662868313358	
1326	0.0001158914831518944	
1327	0.00011588589287774604	
1328	0.00011588057727099763	
1329	0.00011587508015509229	
1330	0.00011586950950004393	
1331	0.00011586420441744849	
1332	0.0001158586056979922	
1333	0.00011585310832223123	
1334	0.00011584763017578683	
1335	0.00011584189438248618	
1336	0.00011583634503559941	
1337	0.00011583085116788945	
1338	0.00011582508068386232	
1339	0.00011581961682947752	
1340	0.00011581398250980004	
1341	0.00011580851423786953	
1342	0.00011580283197482848	
1343	0.0001157971886901318	
1344	0.00011579150746651326	
1345	0.00011578567500691861	
1346	0.00011577988217530739	
1347	0.00011577412260521669	
1348	0.00011576874463311729	
1349	0.00011576308419794909	
1350	0.00011575722848127563	
1351	0.00011575161352084251	
1352	0.0001157458966970028	
1353	0.00011574000680931411	
1354	0.0001157343194790883	
1355	0.000115728633188285	
1356	0.00011572288687083139	
1357	0.0001157168513340626	
1358	0.00011571122364070366	
1359	0.00011570550032047322	
1360	0.00011569978648497324	
1361	0.00011569389204981104	
1362	0.00011568796032536608	
1363	0.0001156820354870953	
1364	0.00011567616015132185	
1365	0.00011567042149960929	
1366	0.00011566466452807487	
1367	0.00011565889963094378	
1368	0.00011565264854393067	
1369	0.00011564676034530359	
1370	0.00011564078834323612	
1371	0.0001156347230529978	
1372	0.000115628964262474	
1373	0.00011562314986284556	
1374	0.00011561706664256885	
1375	0.00011561127017297881	
1376	0.00011560532779445307	
1377	0.00011559910802004327	
1378	0.00011559276182586993	
1379	0.0001155865194440204	
1380	0.0001155804828678291	
1381	0.00011557423931662925	
1382	0.00011556838801750149	
1383	0.00011556231532137775	
1384	0.00011555638489621092	
1385	0.0001155500271384621	
1386	0.00011554363300092518	
1387	0.000115537663597414	
1388	0.0001155313945803625	
1389	0.00011552495626736865	
1390	0.00011551899193104223	
1391	0.00011551263079517022	
1392	0.0001155063339735664	
1393	0.00011549983615363349	
1394	0.00011549360494557601	
1395	0.00011548715649821264	
1396	0.00011548098154889885	
1397	0.00011547472214650562	
1398	0.00011546842051757267	
1399	0.00011546185435560931	
1400	0.0001152356677006797	
1401	0.00011517269090940577	
1402	0.00011527604146976955	
1403	0.00011535321534341034	
1404	0.00011536007865028555	
1405	0.00011537139653228223	
1406	0.0001153629145846935	
1407	0.0001153613364814581	
1408	0.00011535338632841428	
1409	0.0001153458593502624	
1410	0.000115336525985705	
1411	0.00011532620309091206	
1412	0.00011531495588964649	
1413	0.0001153026825185017	
1414	0.0001152897111751372	
1415	0.00011527593142091064	
1416	0.00011526178955786495	
1417	0.00011524714825230018	
1418	0.00011523201971743089	
1419	0.00011521673682831793	
1420	0.00011520116549945669	
1421	0.00011518565224832855	
1422	0.00011517004752801898	
1423	0.00011515462548621664	
1424	0.00011513925554546793	
1425	0.00011512439193341249	
1426	0.00011510929523085776	
1427	0.0001150948988392234	
1428	0.00011508053778795459	
1429	0.00011506664642573534	
1430	0.00011505284250493528	
1431	0.0001150396301454748	
1432	0.00011502667647229308	
1433	0.00011501379425940936	
1434	0.0001150014971114745	
1435	0.00011498941928169058	
1436	0.00011497769641469599	
1437	0.00011496601408517953	
1438	0.0001149549585274404	
1439	0.00011494382124510594	
1440	0.00011493321276897664	
1441	0.00011492263495581158	
1442	0.00011491235519705307	
1443	0.00011490223187138326	
1444	0.00011489254523309813	
1445	0.00011488273997071831	
1446	0.00011487346338461586	
1447	0.00011486405518163727	
1448	0.00011485505677098575	
1449	0.00011484605030480972	
1450	0.00011483729602852171	
1451	0.00011482860333801779	
1452	0.00011482002212557876	
1453	0.00011481176534289261	
1454	0.0001148034060471608	
1455	0.00011479537157096534	
1456	0.00011478739075495728	
1457	0.00011477934354583599	
1458	0.00011477152526952392	
1459	0.00011476393410703167	
1460	0.00011475619963415998	
1461	0.00011474863575650878	
1462	0.0001147412830115562	
1463	0.00011473394377909634	
1464	0.00011472661065324376	
1465	0.00011471933716425806	
1466	0.00011471224960197495	
1467	0.00011470504861270976	
1468	0.0001146981706239915	
1469	0.00011469109813333489	
1470	0.00011468427510408219	
1471	0.00011467732994268382	
1472	0.00011467047754974504	
1473	0.00011466383486029892	
1474	0.00011465700884270648	
1475	0.00011465036225542593	
1476	0.00011464374126392483	
1477	0.00011463716899535419	
1478	0.0001146306561037948	
1479	0.00011462422974415989	
1480	0.00011461766760995877	
1481	0.0001146112443685914	
1482	0.00011460483334043861	
1483	0.00011459841191806066	
1484	0.00011459200647680388	
1485	0.00011458573758968018	
1486	0.0001145792961584188	
1487	0.00011457325568439305	
1488	0.00011456683205324225	
1489	0.00011456069465306687	
1490	0.00011455446162601999	
1491	0.00011454832240685522	
1492	0.00011454209704554939	
1493	0.00011453596250378593	
1494	0.00011452980418523242	
1495	0.00011452370589332921	
1496	0.00011451749365473265	
1497	0.00011451134858881622	
1498	0.00011450539815476597	
1499	0.00011449916772627538	
1500	0.000114412115570823	
1501	0.00011444168064502134	
1502	0.00011449916174959591	
1503	0.00011460972278395534	
1504	0.00011471017478470458	
1505	0.00011475396058813203	
1506	0.00011472267968721488	
1507	0.00011470901530888764	
1508	0.00011474487772440105	
1509	0.00011475312333329515	
1510	0.00011473698214103933	
1511	0.00011474176985107729	
1512	0.00011477406081082466	
1513	0.00011481946499511	
1514	0.00011486875142249378	
1515	0.00011492101696473713	
1516	0.00011497843596381634	
1517	0.0001150425792470092	
1518	0.00011511346877211639	
1519	0.00011519036460023406	
1520	0.00011527174670585996	
1521	0.00011535555079587669	
1522	0.0001154381930713758	
1523	0.00011551546075289869	
1524	0.00011558261745189416	
1525	0.00011563442434895219	
1526	0.0001156667827412353	
1527	0.00011567697271987396	
1528	0.00011566477730541789	
1529	0.00011563155268439524	
1530	0.00011558108079563161	
1531	0.00011551877586108665	
1532	0.00011545064847138877	
1533	0.00011538307912165433	
1534	0.00011532037790727503	
1535	0.00011526529293145618	
1536	0.00011521848019973342	
1537	0.00011517976638840212	
1538	0.00011514774424930303	
1539	0.00011512106253316492	
1540	0.00011509882772640725	
1541	0.00011507964388459056	
1542	0.00011506309277007989	
1543	0.0001150483905283701	
1544	0.00011503508007340965	
1545	0.00011502328288770514	
1546	0.00011501217146100576	
1547	0.00011500214662061938	
1548	0.00011499284729714938	
1549	0.0001149842129442342	
1550	0.00011497620328425131	
1551	0.00011496859094352528	
1552	0.00011496148610084285	
1553	0.00011495476649413052	
1554	0.0001149486546897346	
1555	0.00011494253963714332	
1556	0.00011493687244572876	
1557	0.00011493138091671946	
1558	0.00011492595785966842	
1559	0.0001149208228525822	
1560	0.00011491609711811179	
1561	0.00011491134046082152	
1562	0.00011490680260197093	
1563	0.00011490221887860181	
1564	0.00011489787123407171	
1565	0.00011489359530969523	
1566	0.0001148894752986962	
1567	0.00011488531604949717	
1568	0.00011488118070701603	
1569	0.00011487716333899048	
1570	0.00011487311985547422	
1571	0.00011486925320371353	
1572	0.00011486537342924359	
1573	0.00011486143947487497	
1574	0.00011485745095082425	
1575	0.00011485346775381393	
1576	0.00011484954354403141	
1577	0.00011484566753746808	
1578	0.00011484179127104912	
1579	0.00011483774168092558	
1580	0.00011483377095698546	
1581	0.00011482978321250162	
1582	0.0001148258007950582	
1583	0.00011482188308166639	
1584	0.00011481788065533951	
1585	0.0001148136812584458	
1586	0.00011480950265000242	
1587	0.00011480547865565833	
1588	0.00011480129588952488	
1589	0.00011479705283688548	
1590	0.00011479283135226328	
1591	0.00011478862208085567	
1592	0.00011478423792660968	
1593	0.00011478000292949478	
1594	0.00011477574103732227	
1595	0.00011477131075870213	
1596	0.00011476683175715152	
1597	0.00011476236431917641	
1598	0.0001147579324814225	
1599	0.00011475343061257652	
1600	0.00011471593695335156	
1601	0.00011462048574425612	
1602	0.00011444395230293074	
1603	0.0001144361253214551	
1604	0.00011440435654159436	
1605	0.00011437171490667555	
1606	0.00011436479897903544	
1607	0.00011436789528878373	
1608	0.00011436650675022975	
1609	0.00011436420222058327	
1610	0.00011436203021730762	
1611	0.00011435984444168363	
1612	0.0001143578495300192	
1613	0.00011435614422745337	
1614	0.00011435468708701333	
1615	0.00011435336909926264	
1616	0.00011435200693605501	
1617	0.00011435080419427582	
1618	0.00011434968187781383	
1619	0.00011434854799777636	
1620	0.00011434760303278122	
1621	0.00011434660804557748	
1622	0.00011434554458641546	
1623	0.00011434470967027924	
1624	0.0001143437361211649	
1625	0.00011434279882191081	
1626	0.00011434178369589583	
1627	0.00011434079546493845	
1628	0.00011433981710849497	
1629	0.00011433884537837002	
1630	0.00011433782804358219	
1631	0.00011433673872878509	
1632	0.00011433559393481119	
1633	0.00011433431349619891	
1634	0.00011433312959395283	
1635	0.00011433199311535905	
1636	0.00011433073242577458	
1637	0.00011432927983280803	
1638	0.00011432778696221899	
1639	0.00011432637802499812	
1640	0.00011432475821493426	
1641	0.0001143231767335757	
1642	0.00011432158485799196	
1643	0.00011431978275920431	
1644	0.00011431800404742327	
1645	0.00011431599991088401	
1646	0.00011431412959999372	
1647	0.00011431202360004786	
1648	0.00011431002414090991	
1649	0.00011430782017539189	
1650	0.00011430563959688047	
1651	0.00011430338495951478	
1652	0.00011430100585130276	
1653	0.00011429851045769672	
1654	0.00011429598881867215	
1655	0.00011429337493089926	
1656	0.00011429074285323233	
1657	0.00011428805516646077	
1658	0.0001142852019516535	
1659	0.00011428256701557464	
1660	0.00011427964273025282	
1661	0.00011427658370978731	
1662	0.00011427362148554363	
1663	0.00011427053024298013	
1664	0.00011426747330135965	
1665	0.00011426448093386301	
1666	0.00011426116881401478	
1667	0.00011425776444541822	
1668	0.00011425438853101306	
1669	0.00011425120257107275	
1670	0.00011424786030797154	
1671	0.00011424452947851802	
1672	0.00011424103390059568	
1673	0.00011423740878464221	
1674	0.00011423388527223974	
1675	0.00011423034240059289	
1676	0.00011422666284488514	
1677	0.00011422298757679528	
1678	0.00011421940078954711	
1679	0.00011421589988458436	
1680	0.0001142120512927899	
1681	0.00011420842578705301	
1682	0.00011420463202479627	
1683	0.00011420098209263025	
1684	0.00011419720846918478	
1685	0.00011419343250703864	
1686	0.0001141896251023614	
1687	0.0001141857663761974	
1688	0.0001141819362341526	
1689	0.00011417811622647735	
1690	0.00011417428387565971	
1691	0.00011417044918614141	
1692	0.00011416656941167145	
1693	0.00011416260362498829	
1694	0.00011415869305762629	
1695	0.00011415477170625568	
1696	0.00011415094221384996	
1697	0.00011414707803071775	
1698	0.00011414314121793723	
1699	0.00011413905927578785	
1700	0.0001141242867431304	
1701	0.00011396300656737626	
1702	0.00011384153471486311	
1703	0.00011384451084138294	
1704	0.000113826470494262	
1705	0.00011381747559166147	
1706	0.00011382496515060276	
1707	0.00011382761983570942	
1708	0.0001138224168763762	
1709	0.00011381946907411995	
1710	0.00011381738243341845	
1711	0.00011381503489766536	
1712	0.00011381289485663209	
1713	0.00011381094347078553	
1714	0.0001138088868434092	
1715	0.00011380696326211494	
1716	0.0001138051184170763	
1717	0.00011380323979080589	
1718	0.0001138013632433805	
1719	0.00011379954230505973	
1720	0.00011379782232065086	
1721	0.00011379603971103538	
1722	0.00011379424501813316	
1723	0.00011379259129690971	
1724	0.0001137907950448737	
1725	0.00011378918601881846	
1726	0.00011378741796111822	
1727	0.00011378560988565109	
1728	0.00011378394187236804	
1729	0.00011378217420445123	
1730	0.0001137804813749556	
1731	0.00011377865861764544	
1732	0.0001137769308375677	
1733	0.00011377526711190253	
1734	0.00011377349632571818	
1735	0.00011377154701871664	
1736	0.00011376979390271507	
1737	0.00011376790579171419	
1738	0.00011376601612157953	
1739	0.0001137641463304005	
1740	0.00011376225432156519	
1741	0.0001137602803282789	
1742	0.00011375826501794759	
1743	0.00011375625919234673	
1744	0.0001137542437520876	
1745	0.00011375214359889339	
1746	0.00011375010711032831	
1747	0.00011374801397323608	
1748	0.00011374578207323793	
1749	0.00011374360708162255	
1750	0.00011374141870744227	
1751	0.00011373921006452292	
1752	0.00011373686837552148	
1753	0.00011373455773926773	
1754	0.0001137322751674219	
1755	0.00011372989372050921	
1756	0.00011372751409258594	
1757	0.00011372508275339246	
1758	0.00011372276380175858	
1759	0.00011372011925102145	
1760	0.0001137176621861207	
1761	0.00011371514301572461	
1762	0.0001137126156598762	
1763	0.00011371002359997615	
1764	0.00011370746298260721	
1765	0.00011370478491049394	
1766	0.00011370214542694157	
1767	0.00011369937913384222	
1768	0.00011369669573468855	
1769	0.00011369399232665143	
1770	0.00011369134452771894	
1771	0.0001136885558870355	
1772	0.00011368579414140965	
1773	0.00011368292884331563	
1774	0.00011368007056132358	
1775	0.00011367722215384544	
1776	0.0001136742959196064	
1777	0.00011367156171867723	
1778	0.00011366872383535207	
1779	0.00011366581202310044	
1780	0.00011366293256287463	
1781	0.00011365999112708128	
1782	0.00011365698030983497	
1783	0.00011365402302284824	
1784	0.0001136511056237006	
1785	0.00011364809987363904	
1786	0.00011364523756388476	
1787	0.00011364213488767356	
1788	0.00011363912523977757	
1789	0.00011363610584729551	
1790	0.00011363313387846574	
1791	0.00011363014099125783	
1792	0.00011362714979311152	
1793	0.00011362408518574998	
1794	0.00011362107267944208	
1795	0.00011361789711372694	
1796	0.00011361485095611508	
1797	0.00011361189392898398	
1798	0.00011360884361368204	
1799	0.00011360582513069468	
1800	0.00011360493759379356	
1801	0.00011345455654268985	
1802	0.00011342216995607097	
1803	0.00011344255952800657	
1804	0.00011343071595807228	
1805	0.00011344638434301097	
1806	0.00011345280784423397	
1807	0.00011345190939339642	
1808	0.0001134527554833247	
1809	0.00011345488188193745	
1810	0.00011345618479806165	
1811	0.00011345760841712555	
1812	0.00011345862354314054	
1813	0.00011345976093122902	
1814	0.00011346089169299895	
1815	0.00011346195671129473	
1816	0.0001134628374919495	
1817	0.00011346385781507706	
1818	0.00011346462334976033	
1819	0.00011346543552852901	
1820	0.00011346614987165335	
1821	0.00011346699414259222	
1822	0.00011346753607150666	
1823	0.0001134681932463926	
1824	0.00011346877974054743	
1825	0.00011346922838129103	
1826	0.00011346971587045118	
1827	0.00011347024467665636	
1828	0.00011347042449675168	
1829	0.00011347093550284626	
1830	0.00011347108375048265	
1831	0.00011347138336402298	
1832	0.00011347165985041232	
1833	0.00011347173325962753	
1834	0.00011347188371603676	
1835	0.00011347198648893806	
1836	0.00011347208016689234	
1837	0.00011347208380487115	
1838	0.00011347188553502616	
1839	0.00011347190255556987	
1840	0.00011347180705862619	
1841	0.00011347156604253022	
1842	0.0001134714979603554	
1843	0.00011347119574825879	
1844	0.0001134709447277211	
1845	0.00011347069682545095	
1846	0.00011347023766055437	
1847	0.00011346983501425711	
1848	0.00011346953059338765	
1849	0.00011346894799706726	
1850	0.00011346843504205546	
1851	0.00011346798289326086	
1852	0.00011346727478667162	
1853	0.00011346683498101941	
1854	0.0001134662334152381	
1855	0.00011346548931864422	
1856	0.00011346473703659805	
1857	0.0001134640788222896	
1858	0.00011346336240032022	
1859	0.00011346260661022305	
1860	0.00011346173024711399	
1861	0.00011346088129877379	
1862	0.0001134599493265601	
1863	0.00011345911311114573	
1864	0.00011345821998734859	
1865	0.00011345722850819584	
1866	0.0001134562754876762	
1867	0.00011345529375310954	
1868	0.00011345421769094952	
1869	0.0001134530923861478	
1870	0.00011345196136452225	
1871	0.00011345081670047616	
1872	0.00011344977740788766	
1873	0.00011344855712585351	
1874	0.00011344730994876175	
1875	0.0001134461147427958	
1876	0.00011344493097047754	
1877	0.0001134436624852242	
1878	0.00011344239490946555	
1879	0.00011344096960134007	
1880	0.00011343960159138078	
1881	0.00011343830192345195	
1882	0.00011343694002009994	
1883	0.00011343558188465457	
1884	0.00011343417398685623	
1885	0.0001134327313983314	
1886	0.00011343129140836286	
1887	0.00011342967289757715	
1888	0.00011342829241454768	
1889	0.00011342680811919439	
1890	0.00011342525937964507	
1891	0.00011342377105652954	
1892	0.00011342222894329877	
1893	0.00011342070099219979	
1894	0.00011341907650473461	
1895	0.00011341743486679791	
1896	0.00011341580284351949	
1897	0.00011341421538548145	
1898	0.00011341253788746794	
1899	0.00011341085233392992	
1900	0.00011335228542260925	
1901	0.00011325636595367021	
1902	0.00011327380408537075	
1903	0.00011328884621824338	
1904	0.00011328351125225058	
1905	0.0001132768411480356	
1906	0.00011326666948921879	
1907	0.00011326284974139915	
1908	0.0001132594534283271	
1909	0.00011325598474546236	
1910	0.00011325304149067961	
1911	0.0001132504954252259	
1912	0.00011324795234811193	
1913	0.00011324549242479926	
1914	0.00011324323999620642	
1915	0.00011324083581192619	
1916	0.00011323864392969491	
1917	0.00011323639721792591	
1918	0.00011323424717245092	
1919	0.00011323214117250504	
1920	0.00011323001607317045	
1921	0.00011322783848299878	
1922	0.00011322578094612774	
1923	0.00011322371171575339	
1924	0.00011322169588571082	
1925	0.00011321960625666958	
1926	0.00011321764616565946	
1927	0.00011321552899192153	
1928	0.00011321346378930944	
1929	0.00011321145328630726	
1930	0.00011320943732633688	
1931	0.00011320747034915257	
1932	0.00011320549960406165	
1933	0.00011320345246141577	
1934	0.00011320156967745529	
1935	0.0001131995350078796	
1936	0.00011319755750654232	
1937	0.00011319545969204878	
1938	0.00011319362719015251	
1939	0.00011319150624850798	
1940	0.00011318958708475943	
1941	0.00011318763102151155	
1942	0.0001131857486273345	
1943	0.00011318369615764823	
1944	0.00011318166382677321	
1945	0.00011317978286180213	
1946	0.00011317771506063374	
1947	0.00011317570208900309	
1948	0.00011317372796578898	
1949	0.00011317181893640996	
1950	0.0001131697701047025	
1951	0.0001131677889653864	
1952	0.00011316580029025707	
1953	0.00011316386098769726	
1954	0.00011316188621484409	
1955	0.00011315979125876246	
1956	0.0001131578167457649	
1957	0.00011315591161422032	
1958	0.00011315389630388901	
1959	0.0001131517908236544	
1960	0.00011314996455829325	
1961	0.00011314799589204736	
1962	0.00011314592900037366	
1963	0.00011314389420087017	
1964	0.00011314193125144811	
1965	0.00011313991308270488	
1966	0.0001131378811416133	
1967	0.00011313582711279326	
1968	0.00011313388040434802	
1969	0.00011313189744604253	
1970	0.00011312986823343505	
1971	0.0001131276935016753	
1972	0.00011312573717857179	
1973	0.00011312381385713317	
1974	0.00011312164536190852	
1975	0.0001131196774752295	
1976	0.00011311765177067303	
1977	0.00011311564815384503	
1978	0.0001131136703926521	
1979	0.00011311155256927512	
1980	0.0001131095425859842	
1981	0.00011310758912129262	
1982	0.0001131054622029686	
1983	0.000113103372833783	
1984	0.00011310131048958283	
1985	0.00011309936404099321	
1986	0.00011309724192999835	
1987	0.00011309516516381077	
1988	0.00011309318740261785	
1989	0.00011309105515725346	
1990	0.00011308914976585324	
1991	0.00011308702778478619	
1992	0.00011308486331732379	
1993	0.00011308283397478849	
1994	0.00011308079189932738	
1995	0.00011307874267783648	
1996	0.00011307666175395883	
1997	0.0001130744792265302	
1998	0.00011307248717327769	
1999	0.00011307054813057351	
2000	0.00011303758856229251	
