epoch	 loss_proj	
0	0.010020402446389198	
1	0.009997629001736641	
2	0.00998723804950714	
3	0.009467705339193343	
4	0.008240039646625518	
5	0.006777349486947059	
6	0.005081166233867407	
7	0.0038555711973458527	
8	0.003311082301661372	
9	0.002886984497308731	
10	0.0025364584755152462	
11	0.0022201920161023735	
12	0.0019296272192150354	
13	0.0016429237322881818	
14	0.0014324025018140675	
15	0.0012713049305602907	
16	0.001143440487794578	
17	0.001051447750069201	
18	0.0009818419348448515	
19	0.0009223123313859105	
20	0.0008782757562585175	
21	0.0008261683862656355	
22	0.0007741532754153013	
23	0.000726125028450042	
24	0.0006891485420055688	
25	0.0006505290395580233	
26	0.0006165024824440479	
27	0.0005863517231773585	
28	0.0005665856122504919	
29	0.0005548574030399322	
30	0.0005477810453157872	
31	0.0005400812486186623	
32	0.0005243410472758114	
33	0.0004931043135002255	
34	0.00047311796224676074	
35	0.0004609338182490319	
36	0.0004555727471597493	
37	0.00045129004283808174	
38	0.0004460466094315052	
39	0.0004465111065655947	
40	0.0004534190753474832	
41	0.0004573295300360769	
42	0.00043781401473097503	
43	0.000412126409355551	
44	0.0003974638937506825	
45	0.00039824414998292925	
46	0.0003910764120519161	
47	0.000382895179791376	
48	0.000378321431344375	
49	0.00037417886196635666	
50	0.0003724580514244735	
51	0.00037402388406917455	
52	0.00035543063422665	
53	0.00035313795087859033	
54	0.0003451871627476066	
55	0.00035571829648688434	
56	0.0003468852315563709	
57	0.00037111613783054055	
58	0.00035039816866628827	
59	0.0003337112255394459	
60	0.00033114427351392804	
61	0.00033674240694381297	
62	0.0003264698898419738	
63	0.0003115521278232336	
64	0.000310879189055413	
65	0.0003116695734206587	
66	0.0003274874645285308	
67	0.00031094366568140686	
68	0.00032701675954740497	
69	0.0003083759278524667	
70	0.00030478672997560354	
71	0.00030301681836135684	
72	0.0002870962314773351	
73	0.0002844927133992314	
74	0.00028490608965512363	
75	0.00029088054143358024	
76	0.0002963073260616511	
77	0.0002847335039405152	
78	0.0002784217707812786	
79	0.0002747774327872321	
80	0.0002717082796152681	
81	0.00026751440309453757	
82	0.0002697249758057296	
83	0.0002653138100868091	
84	0.0002739502466283739	
85	0.00027933081437367944	
86	0.0003259517019614577	
87	0.00030320476507768036	
88	0.0002693177229957655	
89	0.0002580003463663161	
90	0.0002565596631029621	
91	0.00025673758063931017	
92	0.00025001296889968214	
93	0.00024608069506939503	
94	0.00024871840141713617	
95	0.00024784677079878745	
96	0.0002481654606526718	
97	0.0002462776639731601	
98	0.00024288948043249547	
99	0.0002421198907541111	
100	0.00024055937537923456	
101	0.0002358244702918455	
102	0.0002320329105714336	
103	0.00022975920292083173	
104	0.00022852013644296675	
105	0.0002305592759512365	
106	0.00023265312775038182	
107	0.000244423359981738	
108	0.0002488710975740105	
109	0.00023459472577087582	
110	0.00023329983232542873	
111	0.00022809967631474138	
112	0.0002264335023937747	
113	0.0002220443944679573	
114	0.00022016503498889506	
115	0.0002170885563828051	
116	0.00021946557681076228	
117	0.0002225552423624322	
118	0.00024466190370731056	
119	0.00023721796460449696	
120	0.000246415744186379	
121	0.00022482847271021456	
122	0.0002192516316426918	
123	0.0002219844871433452	
124	0.00021481255535036326	
125	0.0002136006107321009	
126	0.00021260373760014772	
127	0.000212033893330954	
128	0.0002150540385628119	
129	0.0002192990214098245	
130	0.00023339474864769727	
131	0.00022467781091108918	
132	0.00021279956854414195	
133	0.0002105961466440931	
134	0.00020860219665337355	
135	0.00020781381463166326	
136	0.00020646699413191528	
137	0.00020600839343387634	
138	0.00020500996324699373	
139	0.00020494985219556838	
140	0.0002097098418744281	
141	0.00021279994398355485	
142	0.0002369523630477488	
143	0.0002297280094353482	
144	0.00023875470506027341	
145	0.00021221938077360393	
146	0.00020776709134224803	
147	0.0002075211377814412	
148	0.00020234821713529527	
149	0.0001994848164031282	
150	0.00019811654346995055	
151	0.00020043197728227823	
152	0.0002067053283099085	
153	0.0002366909640841186	
154	0.0002271186385769397	
155	0.00021099730220157652	
156	0.00020946687436662614	
157	0.00019885989313479514	
158	0.0002027237060246989	
159	0.00020508145389612763	
160	0.00019929208210669457	
161	0.00019751521467696874	
162	0.00020346455567050726	
163	0.00019634255149867386	
164	0.0002027867827564478	
165	0.00019494819862302392	
166	0.00019758721173275263	
167	0.00019321069703437388	
168	0.00019333479867782443	
169	0.00019356917473487557	
170	0.00019204168056603522	
171	0.0001926610537339002	
172	0.00019096346804872155	
173	0.00019290594500489532	
174	0.0001937330816872418	
175	0.00023397597251459957	
176	0.00027610155520960686	
177	0.00023832133447285742	
178	0.00023535802902188152	
179	0.00023462338431272655	
180	0.00026829047710634767	
181	0.0002113393129548058	
182	0.00020231891830917447	
183	0.00019607449357863515	
184	0.00019166400888934732	
185	0.0001908128848299384	
186	0.00018674640159588307	
187	0.00018655130406841636	
188	0.0001843751611886546	
189	0.00018452380609232933	
190	0.00018452508666086942	
191	0.00018419102707412094	
192	0.000184490651008673	
193	0.000185110216261819	
194	0.00018619275942910463	
195	0.0001864127174485475	
196	0.00018774318450596184	
197	0.00018575230787973852	
198	0.00018545406637713314	
199	0.00018270398140884936	
200	0.00018177904130425304	
201	0.00017943361308425665	
202	0.00017896629869937897	
203	0.00017904197447933258	
204	0.00017797990003600716	
205	0.00017847175477072596	
206	0.00017943488492164761	
207	0.00018188882677350193	
208	0.00018562375043984503	
209	0.00019328563066665084	
210	0.00020516717340797187	
211	0.00022978964552748947	
212	0.00020804449159186333	
213	0.0001977433217689395	
214	0.000178599773789756	
215	0.00018181080231443046	
216	0.00018534470000304283	
217	0.0001757304708007723	
218	0.00017497338412795216	
219	0.00017554416845086963	
220	0.00017530705663375555	
221	0.00017613479576539248	
222	0.00017494989442639052	
223	0.00017571487405803053	
224	0.00017495266220066697	
225	0.00017685127968434245	
226	0.0001773490832420066	
227	0.00018240768986288458	
228	0.00018529884982854128	
