epoch	 loss_proj	
0	0.005243031587451696	
1	0.004728792794048786	
2	0.005111880879849195	
3	0.004267373960465193	
4	0.004484970681369304	
5	0.004009873745962978	
6	0.0039781179744750265	
7	0.00386732229962945	
8	0.003631848422810435	
9	0.003505736496299505	
10	0.0034212888218462466	
11	0.003328368905931711	
12	0.0032938409596681593	
13	0.0031541902106255295	
14	0.003050304390490055	
15	0.0031045752577483652	
16	0.0029283524490892887	
17	0.002906284062191844	
18	0.0028226211201399566	
19	0.0027866790536791087	
20	0.0026957815047353507	
21	0.0026861676946282388	
22	0.0025852340273559093	
23	0.002504935348406434	
24	0.0024132851976901293	
25	0.0024028745014220477	
26	0.002390564372763038	
27	0.002431309036910534	
28	0.0022374390624463557	
29	0.002251968812197447	
30	0.0022758797043934465	
31	0.002126453723758459	
32	0.0021361774997785687	
33	0.002034314558841288	
34	0.0020808145636692643	
35	0.001998081058263779	
36	0.0019811855163425207	
37	0.0019292767625302075	
38	0.0019209444988518953	
39	0.0018847322557121516	
40	0.0018409403273835778	
41	0.0018849029438570142	
42	0.0029407566878944637	
43	0.002095303637906909	
44	0.002133632358163595	
45	0.0019467023899778723	
46	0.0019255626713857055	
47	0.0018140888540074229	
48	0.001895962841808796	
49	0.0017576952697709203	
50	0.0017613642383366823	
51	0.0017549315001815558	
52	0.001729099964722991	
53	0.0017032148782163859	
54	0.0017030640970915555	
55	0.0016724998597055674	
56	0.0016480618389323354	
57	0.0016416962025687099	
58	0.0016351772006601094	
59	0.0016453404678031802	
60	0.0016062476206570864	
61	0.0016500401310622693	
62	0.004967970820143819	
63	0.0042386339511722325	
64	0.004173976089805365	
65	0.003943056100979447	
66	0.003719294769689441	
67	0.0031501043122261763	
68	0.003130844281986356	
69	0.0029825186356902122	
70	0.0028325924184173347	
71	0.0028198986779898404	
72	0.002725425036624074	
73	0.00262435176409781	
74	0.0024984813295304774	
75	0.002472773939371109	
76	0.0023507493548095225	
77	0.0022610426880419255	
78	0.002165651530958712	
79	0.0021106619155034424	
80	0.002054380439221859	
81	0.0019959169439971447	
82	0.0019401630386710166	
83	0.0019078880781307817	
84	0.0018730689538642765	
85	0.0018510859925299882	
86	0.0018381649861112237	
87	0.0018109982600435614	
88	0.0018000325886532663	
89	0.0017861181637272238	
90	0.0017748518846929073	
91	0.001767861028201878	
92	0.0017654825933277607	
93	0.0017600636929273605	
94	0.0017382797552272678	
95	0.0016968031646683811	
96	0.0016847401857376099	
97	0.0016803510719910265	
98	0.0016702194465324284	
99	0.0016584870871156454	
100	0.0016490470385178923	
101	0.0016421182313933968	
102	0.001634249440394342	
103	0.0016249632928520441	
104	0.0016177185112610458	
105	0.0016109921503812074	
106	0.001601783582009375	
107	0.0015937713673338295	
108	0.0015871220268309117	
109	0.001581833465024829	
110	0.0015788245713338257	
111	0.0015751725295558572	
112	0.0015730647835880518	
113	0.0015641107922419906	
114	0.0015532492427155376	
115	0.0015346349449828268	
116	0.0015234447782859206	
117	0.0015113197732716799	
118	0.0015059809200465679	
119	0.0015013242140412331	
120	0.0014994305791333317	
121	0.0015003385487943888	
122	0.0015051029855385422	
123	0.0015128210419788958	
124	0.0015158079098910094	
125	0.00150569009128958	
126	0.0014960653614252805	
127	0.0014884277014061808	
128	0.0014672709628939628	
129	0.0014501219615340234	
130	0.0014340547379106284	
131	0.0014265470672398806	
132	0.0014218400930985809	
133	0.0014250297099351883	
134	0.0014190737390890717	
135	0.0014114477438852192	
136	0.0014367579948157071	
137	0.0013980628922581674	
138	0.001401931163854897	
139	0.00140882208943367	
140	0.0014111215481534601	
141	0.001394057390280068	
142	0.0013993678614497185	
143	0.0014050937024876475	
144	0.0014118083752691745	
145	0.0014149288646876812	
146	0.0014270233223214746	
147	0.001427625329233706	
148	0.0014017082285135984	
149	0.001370558561757207	
150	0.0013580334838479758	
151	0.001340401847846806	
152	0.0013383697252720595	
153	0.001397603889927268	
154	0.0013587941182777285	
155	0.0013834513491019606	
156	0.0015812563244253397	
157	0.0017325364518910647	
158	0.0016429850133135916	
159	0.0015333672752603888	
160	0.0015478497836738825	
161	0.001431519095785916	
162	0.001366835692897439	
163	0.00132931936532259	
164	0.001318912417627871	
165	0.0013145087519660591	
166	0.0012965896166861057	
167	0.0012988884234800934	
168	0.0012935508275404572	
169	0.0012837575050070882	
170	0.0012806085636839271	
171	0.0012773109367117286	
172	0.0012720919447019696	
173	0.0012687410693615676	
174	0.001269399467855692	
175	0.0012666098773479462	
176	0.0012692935764789582	
177	0.0012692369753494858	
178	0.0012699343264102937	
179	0.001266922615468502	
180	0.001261397427879274	
181	0.001249063527211547	
182	0.0012377801118418573	
183	0.001230785041116178	
184	0.001226134947501123	
185	0.0012254626723006367	
186	0.0012235657311975956	
187	0.0012239918811246752	
188	0.0012211520224809647	
189	0.0012185340281575918	
190	0.0012122074142098427	
191	0.0012053048005327583	
192	0.0011978367576375604	
193	0.0011921209166757762	
194	0.0011885193060152232	
195	0.0011867571156471968	
196	0.001186215633060783	
197	0.0011859466903842986	
198	0.0011854717624373734	
199	0.0011844729771837593	
200	0.0011766144074499608	
201	0.0011644556187093257	
202	0.0011604573926888406	
203	0.001159653824288398	
204	0.0011623990023508668	
205	0.001166182232555002	
206	0.0011672402848489582	
207	0.0011654405505396425	
208	0.001163311128038913	
209	0.0011630099732428789	
210	0.0011644684593193233	
211	0.0011674085748381914	
212	0.001171660190448165	
213	0.001176650170236826	
214	0.0011808264418505133	
215	0.0011799640604294836	
216	0.0011682788608595729	
217	0.0011474208324216307	
218	0.001130624779034406	
219	0.001125052315182984	
220	0.0011268672649748623	
221	0.0011319521348923446	
222	0.0011376725626178086	
223	0.001142149104271084	
224	0.0011432080995291472	
225	0.0011397065361961722	
226	0.0011328403023071587	
227	0.0011261331848800183	
228	0.0011215620557777583	
229	0.001118934724945575	
230	0.0011177611537277698	
231	0.0011176262167282402	
232	0.0011179674183949828	
233	0.001118223404046148	
234	0.0011179651017300784	
235	0.0011169095174409448	
236	0.0011150740319862962	
237	0.0011128079262562097	
238	0.001110718015115708	
239	0.001109310460742563	
240	0.0011088558472692966	
241	0.0011093383887782692	
242	0.0011105438228696586	
243	0.001112237072084099	
244	0.0011140666669234634	
245	0.0011158277397044004	
246	0.0011171417078003286	
247	0.0011176084168255328	
248	0.0011168471188284456	
249	0.001113786268979311	
250	0.0011092348606325686	
251	0.0011024789419025183	
252	0.0010968018788844347	
253	0.0010909412405453623	
254	0.0010873913881368936	
255	0.001084810949396342	
256	0.0010835404391400516	
257	0.001084702357184142	
258	0.0010852576117031277	
259	0.0010904296883381902	
260	0.0010949596180580556	
261	0.0011004649102687835	
262	0.0011232616030611097	
263	0.0010874791885726153	
264	0.0010922306915745138	
265	0.0010825056466273963	
266	0.001090210536494851	
267	0.00109598581911996	
268	0.0010866609634831547	
269	0.0010795307462103665	
270	0.0010607674717903136	
271	0.0010660997475497424	
272	0.0010594483115710317	
273	0.0010588259669020773	
274	0.001059940573759377	
275	0.0010626805131323635	
276	0.0010665166657418013	
277	0.0010656439699232578	
278	0.0010641467641107738	
279	0.0010588965495117008	
280	0.0010531426407396794	
281	0.0010501974145881831	
282	0.0010487925494089723	
283	0.0010507295140996576	
284	0.001057836029212922	
285	0.0010674123768694699	
286	0.0010719808633439243	
287	0.0011003444786183536	
288	0.0010466638021171093	
289	0.0010514217661693691	
290	0.0010562860639765858	
291	0.0010425204411149025	
292	0.0010394379845820368	
293	0.0010307962773367762	
294	0.0010322446702048182	
295	0.0010256763664074243	
296	0.001028368528932333	
297	0.0010273835738189518	
298	0.0010298349778167903	
299	0.0010308915283530951	
300	0.0010302389040589333	
301	0.0010206657112576067	
302	0.0010136570548638702	
303	0.0010153534123674036	
304	0.001015249767806381	
305	0.001014505058992654	
306	0.0010147037799470126	
307	0.0010116017190739512	
308	0.0010099661536514758	
309	0.0010089923976920544	
310	0.0010083221481181682	
311	0.0010076254955492913	
312	0.0010072203702293336	
313	0.0010061869747005404	
314	0.0010053919977508485	
315	0.0010042311740107834	
316	0.0010033151833340526	
317	0.0010023948270827532	
318	0.001001588616054505	
319	0.001000920741353184	
320	0.0010002514580264687	
321	0.0009995831991545857	
322	0.0009989023092202842	
323	0.0009981585550121962	
324	0.000997417001053691	
325	0.0009966266108676792	
326	0.000995860726106912	
327	0.0009951180894859136	
328	0.0009943518554791809	
329	0.0009936840506270528	
330	0.0009928832878358662	
331	0.0009922932367771864	
332	0.0009913920308463275	
333	0.000990890059620142	
334	0.0009898297255858779	
335	0.000989482004661113	
336	0.000988212157972157	
337	0.0009881182806566358	
338	0.0009865590138360858	
339	0.000986774533521384	
340	0.0009847981971688568	
341	0.0009851958602666855	
342	0.0009828162961639463	
343	0.0009830237017013133	
344	0.0009806860936805606	
345	0.0009802909335121512	
346	0.000978719920385629	
347	0.0009776884922757744	
348	0.000977205578237772	
349	0.0009758311673067511	
350	0.0009758251835592091	
351	0.0009742906666360795	
352	0.000973906775470823	
353	0.0009725909447297453	
354	0.0009717976208776236	
355	0.0009705923497676849	
356	0.0009698250098153949	
357	0.0009685187134891749	
358	0.0009678995120339096	
359	0.000966716930270195	
360	0.0009660574258305132	
361	0.0009650080697610975	
362	0.0009643628960475326	
363	0.0009633444016799331	
364	0.0009626184240914881	
365	0.0009616297553293407	
366	0.0009608497144654393	
367	0.0009598258999176324	
368	0.0009589980938471854	
369	0.0009579797857441008	
370	0.0009571343543939292	
371	0.0009561448008753359	
372	0.0009553090436384082	
373	0.0009543818421661853	
374	0.0009536085301078856	
375	0.0009528013877570629	
376	0.0009521840489469469	
377	0.0009516426594927907	
378	0.000951422331854701	
379	0.0009514874313026666	
380	0.000952068017795682	
381	0.0009530588518828154	
382	0.0009544595493935048	
383	0.0009558502584695816	
384	0.0009568418259732425	
385	0.000956506235525012	
386	0.0009539388353005052	
387	0.0009486674098297954	
388	0.0009423678973689675	
389	0.0009376239380799234	
390	0.0009348931489512324	
391	0.0009332055575214327	
392	0.0009329227730631828	
393	0.0009343637037090957	
394	0.0009375651949085295	
395	0.0009426139295101166	
396	0.0009496095473878086	
397	0.000958122406154871	
398	0.0009670284925960004	
399	0.0009735269472002983	
400	0.0009580370271578432	
401	0.0009259752696380019	
402	0.0009245460503734648	
403	0.0009252468007616699	
404	0.0009249067050404846	
405	0.0009256774676032365	
406	0.0009228831040672958	
407	0.0009196201921440661	
408	0.0009177324245683849	
409	0.0009171737008728087	
410	0.0009169558063149453	
411	0.0009170234086923301	
412	0.0009173187892884016	
413	0.0009172599064186215	
414	0.0009165266994386912	
415	0.0009157153777778149	
416	0.0009150395635515451	
417	0.00091465231962502	
418	0.0009143196977674962	
419	0.0009140730137005449	
420	0.0009139016852714122	
421	0.0009138294612057507	
422	0.0009137887973338366	
423	0.0009138029883615673	
424	0.00091383095132187	
425	0.0009138748049736023	
426	0.0009138781111687422	
427	0.0009138344204984606	
428	0.0009136777487583458	
429	0.0009133963263593614	
430	0.0009129569865763187	
431	0.0009123975411057472	
432	0.0009117488865740597	
433	0.0009111192310228943	
434	0.0009106492390856147	
435	0.0009106605430133641	
436	0.0009118712507188321	
437	0.0009160430403426289	
438	0.0009235467063263058	
439	0.0009170630946755409	
440	0.0009037761250510812	
441	0.0009047607309184968	
442	0.0009000040357932448	
443	0.000901418027933687	
444	0.0008993347990326583	
445	0.0009000441059470177	
446	0.0009012811002321542	
447	0.0009029712993651629	
448	0.0009036331670358777	
449	0.0009040466044098139	
450	0.0009044223465025425	
451	0.0009043786209076643	
452	0.0009029580513015389	
453	0.0009005365311168135	
454	0.0008984988671727479	
455	0.0008971673320047558	
456	0.000896646233741194	
457	0.0008968646405264735	
458	0.0008978597586974501	
459	0.0008994930773042143	
460	0.0009014396579004824	
461	0.0009027886553667486	
462	0.0009028091793879866	
463	0.0009020679048262536	
464	0.0009013061760924756	
465	0.0009005318395793438	
466	0.0008997497498057783	
467	0.0008991079055704176	
468	0.0008990077767521143	
469	0.0008994702599011362	
470	0.0009003033163025975	
471	0.0009009609231725336	
472	0.0009009118075482547	
473	0.0008995955809950829	
474	0.000897066667675972	
475	0.000893974385689944	
476	0.0008921371423639357	
477	0.0008950340677984058	
478	0.0009068093146197498	
479	0.0008967832429334522	
480	0.0008812522515654564	
481	0.0008877383312210441	
482	0.0008877577376551927	
483	0.00088476596865803	
484	0.0008863417897373438	
485	0.000895733293145895	
486	0.000904463732149452	
487	0.0008955950383096933	
488	0.00088194296695292	
489	0.0008825706201605499	
490	0.0008819520240649581	
491	0.0008816143963485956	
492	0.0008782095625065267	
493	0.0008777141803875566	
494	0.0008788016042672097	
495	0.00088033068459481	
496	0.0008798926020972431	
497	0.0008789936429820955	
498	0.0008789220126345753	
499	0.0008792446809820831	
500	0.0008737748488783836	
501	0.0008740719640627503	
502	0.0008704184903763235	
503	0.000872117723338306	
504	0.000869223230984062	
505	0.0008706942782737315	
506	0.0008667857153341174	
507	0.0008673147181980312	
508	0.000865393364802003	
509	0.0008660584921017289	
510	0.0008652361459098757	
511	0.0008657782571390271	
512	0.0008652481599710881	
513	0.0008656302350573241	
514	0.000865285738836974	
515	0.0008659744868054986	
516	0.0008659934857860208	
517	0.0008666615700349212	
518	0.0008667654357850552	
519	0.0008672569412738085	
520	0.0008671601070091128	
521	0.0008671554154716432	
522	0.0008665408589877188	
523	0.0008658941485919058	
524	0.0008646782021969557	
525	0.000863617577124387	
526	0.000862272852100432	
527	0.0008613034966401756	
528	0.0008602936984971165	
529	0.0008596581290476024	
530	0.0008590385201387108	
531	0.0008587122429162264	
532	0.0008583908085711301	
533	0.0008582806563936174	
534	0.000858170015271753	
535	0.0008582213195040822	
536	0.0008582660811953247	
537	0.0008584163384512067	
538	0.0008585349307395518	
539	0.0008586754207499325	
540	0.0008587297168560326	
541	0.0008586901589296758	
542	0.0008585231378674507	
543	0.0008581467904150486	
544	0.0008576895575970412	
545	0.0008569380617700518	
546	0.0008563400362618268	
547	0.0008553201565518975	
548	0.0008549915859475732	
549	0.0008538525784388184	
550	0.0008546380326151848	
551	0.0008536121342331171	
552	0.0008578031440265477	
553	0.0008583512622863054	
554	0.0008737969328649342	
555	0.0008785345708020031	
556	0.0008903531357645989	
557	0.0008519524359144271	
558	0.000854382652323693	
559	0.000846849731169641	
560	0.000849145813845098	
561	0.0008453691261820495	
562	0.0008451231056824327	
563	0.0008470881846733391	
564	0.0008477846626192331	
565	0.0008477437309920788	
566	0.0008476564660668373	
567	0.0008468650165013969	
568	0.0008452533860690892	
569	0.0008437570766545832	
570	0.0008424799656495452	
571	0.0008414592710323631	
572	0.0008406336652114988	
573	0.0008403701474890112	
574	0.0008402353385463357	
575	0.0008407378336414695	
576	0.000841721729375422	
577	0.0008430464658886194	
578	0.0008435272728092968	
579	0.0008427011664025486	
580	0.0008411207119934261	
581	0.0008396076620556415	
582	0.0008383990963920951	
583	0.0008375272154808044	
584	0.0008368844981305301	
585	0.0008366138325072825	
586	0.0008368052425794303	
587	0.0008375745499506592	
588	0.0008388477843254804	
589	0.0008400353253819048	
590	0.000840124033857137	
591	0.0008390469010919333	
592	0.0008378095342777669	
593	0.0008366642403416335	
594	0.0008359429310075938	
595	0.0008349914685823023	
596	0.000834548193961382	
597	0.0008337933453731239	
598	0.0008346695685759187	
599	0.0008346693823114038	
600	0.0008360302308574319	
601	0.0008366188849322498	
602	0.0008314786362461745	
603	0.0008340414031408727	
604	0.0008348250994458795	
605	0.0008338666055351495	
606	0.0008342686342075467	
607	0.0008329125819727778	
608	0.0008316120365634561	
609	0.000830381375271827	
610	0.0008282718597911298	
611	0.0008268181933090091	
612	0.000825373618863523	
613	0.0008242276031523943	
614	0.0008239429444074631	
615	0.0008233377360738814	
616	0.0008233493892475963	
617	0.0008231655694544316	
618	0.0008233722066506744	
619	0.0008234716835431755	
620	0.0008239198010414839	
621	0.0008242847514338791	
622	0.0008248545113019645	
623	0.0008252556319348515	
624	0.0008256493019871414	
625	0.0008256844943389296	
626	0.0008254660293459892	
627	0.0008247684687376023	
628	0.0008237942703999579	
629	0.0008225541561841965	
630	0.0008213196299038828	
631	0.0008201749064028263	
632	0.0008192436187528073	
633	0.0008185095619410276	
634	0.0008179765078239143	
635	0.0008176122792065144	
636	0.0008173678419552743	
637	0.0008172730449587107	
638	0.0008172259083949029	
639	0.0008173517999239266	
640	0.000817421346437186	
641	0.0008177394047379494	
642	0.0008177935262210668	
643	0.0008182739722542465	
644	0.0008180676610209048	
645	0.0008187600178644061	
646	0.0008180044707842172	
647	0.000819352304097265	
648	0.0008180779172107577	
649	0.0008216962451115251	
650	0.0008214662899263203	
651	0.0008322712616063655	
652	0.000837914040312171	
653	0.0008514278451912105	
654	0.000821242993697524	
655	0.0008146544103510677	
656	0.0008150265668518842	
657	0.0008115275180898607	
658	0.0008109538699500263	
659	0.0008091198513284325	
660	0.0008097943617030978	
661	0.0008113636518828571	
662	0.0008128680638037622	
663	0.0008148872526362539	
664	0.0008125966531224548	
665	0.0008084638859145344	
666	0.0008069415576756001	
667	0.000808273279108107	
668	0.0008076521800830961	
669	0.0008067199029028416	
670	0.0008064032648690045	
671	0.0008060104097239673	
672	0.0008060151478275657	
673	0.0008069338975474239	
674	0.0008085918147116899	
675	0.0008092469535768033	
676	0.0008082452230155468	
677	0.0008069324307143688	
678	0.0008061778382398189	
679	0.0008054341305978596	
680	0.0008044835180044174	
681	0.000803044147323817	
682	0.0008021129993721843	
683	0.0008014246937818825	
684	0.0008011686964891851	
685	0.0008010084740817547	
686	0.0008013122365809977	
687	0.0008016841951757669	
688	0.0008025122806429863	
689	0.0008028933661989868	
690	0.0008034107508137822	
691	0.0008026690222322941	
692	0.0008022333960980177	
693	0.0008004722534678876	
694	0.0007998298853635788	
695	0.0007981415605172515	
696	0.0007985848700627684	
697	0.0007979170070029796	
698	0.000801294029224664	
699	0.0008031270815990865	
700	0.0008124489686451852	
701	0.0007990606012754142	
702	0.0007967307581566274	
703	0.0007958047208376229	
704	0.0007952678366564214	
705	0.0007938425987958908	
706	0.0007928534061647952	
707	0.0007927634520456195	
708	0.0007924437057226896	
709	0.0007923486875370145	
710	0.0007921467069536448	
711	0.0007920984178781509	
712	0.0007920910604298115	
713	0.000791831873357296	
714	0.0007919033174403012	
715	0.0007918865885585546	
716	0.0007919379277154803	
717	0.0007918457849882543	
718	0.0007919539231806994	
719	0.0007919571828097105	
720	0.0007919383584521711	
721	0.0007919287425465881	
722	0.0007919173338450491	
723	0.0007918360061012208	
724	0.0007917440147139132	
725	0.0007915912661701441	
726	0.000791400671005249	
727	0.0007911525201052428	
728	0.000790896115358919	
729	0.000790600199252367	
730	0.0007903076126240194	
731	0.0007900082389824092	
732	0.000789727084338665	
733	0.0007894500624388457	
734	0.0007892073947004974	
735	0.0007889733533374965	
736	0.0007887735264375806	
737	0.0007885830593295396	
738	0.000788419705349952	
739	0.0007882589823566377	
740	0.0007881165249273181	
741	0.0007879686425440013	
742	0.0007878272794187069	
743	0.0007876729243434966	
744	0.0007875147624872625	
745	0.0007873412570916117	
746	0.0007871601032093167	
747	0.0007869696943089366	
748	0.0007867747219279409	
749	0.0007865887018851936	
750	0.0007864078390412033	
751	0.0007862612837925553	
752	0.0007861062767915428	
753	0.0007859934004954994	
754	0.000785792269743979	
755	0.0007856144569814205	
756	0.0007852181210182607	
757	0.0007849531015381217	
758	0.0007843592669814825	
759	0.0007841960061341525	
760	0.0007834489108063281	
761	0.0007836364908143878	
762	0.0007826382876373828	
763	0.0007836195291019976	
764	0.0007822850835509598	
765	0.0007852206355892122	
766	0.0007840864593163133	
767	0.0007921417360194028	
768	0.0007945999619551003	
769	0.0008112499606795609	
770	0.0007992847240529954	
771	0.0007800085237249732	
772	0.000783538562245667	
773	0.0007816302357241511	
774	0.0007769566494971514	
775	0.0007796236081048846	
776	0.0007789288880303502	
777	0.0007788517163135111	
778	0.0007802726817317307	
779	0.000781935267150402	
780	0.0007838353980332613	
781	0.0007858726778067649	
782	0.0007838308461941779	
783	0.0007815731689333916	
784	0.0007802299922332167	
785	0.0007795300101861357	
786	0.0007789437077008188	
787	0.0007788327173329889	
788	0.0007787124835886061	
789	0.000779009552206844	
790	0.0007791661424562335	
791	0.0007796582416631281	
792	0.0007800616091117263	
793	0.0007803093758411705	
794	0.0007794142700731754	
795	0.0007776400190778077	
796	0.0007759685162454843	
797	0.0007748805335722863	
798	0.0007741401554085314	
799	0.0007739565800875426	
800	0.0007732693455182015	
801	0.0007725322735495866	
802	0.0007698511937633157	
803	0.0007706756703555584	
804	0.0007696988526731729	
805	0.0007697758264839649	
806	0.0007694273022934795	
807	0.0007690149592235685	
808	0.000768657901789993	
809	0.0007685046410188078	
810	0.0007684256415814161	
811	0.0007683104951865972	
812	0.0007680493639782071	
813	0.0007678656955249607	
814	0.000767673971131444	
815	0.0007674617692828179	
816	0.000767266855109483	
817	0.0007671626866795122	
818	0.0007669573300518095	
819	0.0007668061065487563	
820	0.0007666391786187888	
821	0.0007664711447432637	
822	0.0007662832969799638	
823	0.0007661369862034916	
824	0.0007659677183255553	
825	0.0007658251794055104	
826	0.0007656648871488869	
827	0.0007655318011529743	
828	0.0007653817068785429	
829	0.0007652563625015318	
830	0.0007651236956007779	
831	0.0007650147657841444	
832	0.000764904951211065	
833	0.0007648212369531393	
834	0.0007647433085367084	
835	0.0007646957878023386	
836	0.0007646600715816021	
837	0.0007646595244295895	
838	0.0007646796992048621	
839	0.000764740607701242	
840	0.0007648301892913878	
841	0.0007649634266272187	
842	0.000765127723570913	
843	0.0007653161068446934	
844	0.0007654964108951389	
845	0.0007656310102902353	
846	0.0007656819419935345	
847	0.0007656255736947059	
848	0.0007654826156795024	
849	0.0007652644417248666	
850	0.0007650376763194799	
851	0.0007647836697287858	
852	0.0007645852281711995	
853	0.000764358788728714	
854	0.0007642401731573045	
855	0.0007640312192961574	
856	0.0007640114868991077	
857	0.0007637511938810348	
858	0.0007638655253686011	
859	0.0007634330424480141	
860	0.0007638218463398516	
861	0.0007631135871633887	
862	0.0007642630604095757	
863	0.0007634541019797325	
864	0.0007667777827009559	
865	0.0007674559485167265	
866	0.0007768932729959488	
867	0.0007842318736948073	
868	0.0007920119795016944	
869	0.0007700328133068979	
870	0.0007618542527779937	
871	0.0007652939297258854	
872	0.000760115624871105	
873	0.0007611431763507425	
874	0.0007600347511470318	
875	0.0007605112739838659	
876	0.0007605368853546679	
877	0.0007603145902976393	
878	0.0007604590151458979	
879	0.0007599954144097865	
880	0.000759703223593533	
881	0.0007593727554194629	
882	0.0007589208078570663	
883	0.0007585359504446388	
884	0.0007582507794722914	
885	0.0007579602068290114	
886	0.0007579145603813231	
887	0.0007582539459690451	
888	0.000760247535072267	
889	0.0007693757652305067	
890	0.0007872490212321281	
891	0.0007600998971611262	
892	0.0007742154877632857	
893	0.0008050891570746899	
894	0.0007755228667519987	
895	0.0007925494923256337	
896	0.0008330762386322022	
897	0.000766395521350205	
898	0.0007747328258119523	
899	0.000769513682462275	
900	0.0007562873070128262	
901	0.0007548515684902668	
902	0.0007554481853730977	
903	0.0007535039912909269	
904	0.0007538927253335715	
905	0.0007532679825089872	
906	0.0007517536170780659	
907	0.0007511973730288446	
908	0.0007511182688176632	
909	0.000750996358692646	
910	0.0007507378817535937	
911	0.0007504898589104414	
912	0.0007502842578105629	
913	0.0007501845131628216	
914	0.0007499769795686007	
915	0.0007497214479371906	
916	0.0007496050791814923	
917	0.0007494318182580173	
918	0.0007492593722417951	
919	0.000749071640893817	
920	0.0007489116978831589	
921	0.0007487593335099519	
922	0.0007485890644602477	
923	0.0007484068861231208	
924	0.0007482546265237033	
925	0.0007480881526134908	
926	0.0007479216670617461	
927	0.000747754774056375	
928	0.000747591513209045	
929	0.0007474224898032844	
930	0.000747259019408375	
931	0.0007470875862054527	
932	0.0007469221600331366	
933	0.0007467537769116461	
934	0.0007465870468877256	
935	0.0007464176625944674	
936	0.0007462503504939378	
937	0.0007460810826160014	
938	0.0007459138170816005	
939	0.0007457446306943893	
940	0.0007455775397829711	
941	0.0007454089121893048	
942	0.000745240761898458	
943	0.0007450729142874479	
944	0.000744905648753047	
945	0.0007447376963682472	
946	0.0007445706287398934	
947	0.000744403142016381	
948	0.0007442367146722973	
949	0.0007440693909302354	
950	0.0007439037435688078	
951	0.0007437370368279517	
952	0.0007435708655975759	
953	0.000743405765388161	
954	0.0007432411075569689	
955	0.0007430756813846529	
956	0.0007429116871207952	
957	0.000742747716140002	
958	0.0007425842806696892	
959	0.0007424222421832383	
960	0.0007422598544508218	
961	0.0007420988054946065	
962	0.0007419388159178198	
963	0.0007417803746648133	
964	0.0007416224805638194	
965	0.0007414669264107943	
966	0.0007413126528263092	
967	0.0007411617087200284	
968	0.0007410123711451888	
969	0.0007408686215057969	
970	0.0007407270255498588	
971	0.0007405928103253245	
972	0.0007404623203910888	
973	0.0007403432624414563	
974	0.0007402306539006532	
975	0.0007401325157843531	
976	0.0007400435744784773	
977	0.0007399771478958428	
978	0.0007399235269986093	
979	0.0007399011519737542	
980	0.0007398946676403284	
981	0.0007399332011118531	
982	0.000739987741690129	
983	0.0007401028648018837	
984	0.0007402313640341163	
985	0.0007404295494779945	
986	0.0007406302960589528	
987	0.0007408919744193553	
988	0.0007411422790028155	
989	0.0007413836312480271	
990	0.0007416244130581618	
991	0.0007416812237352133	
992	0.0007418790715746582	
993	0.0007416183943860233	
994	0.0007420053123496472	
995	0.0007417717133648694	
996	0.0007433144375681878	
997	0.0007450634031556547	
998	0.0007504458189941943	
999	0.0007612427580170333	
1000	0.0007604395737871528	
1001	0.000740882323589176	
1002	0.0007429288001731038	
1003	0.0007407802855595947	
1004	0.0007401758688502013	
1005	0.000740987027529627	
1006	0.0007393720676191151	
1007	0.0007406958029605448	
1008	0.0007425202871672809	
1009	0.0007435134146362543	
1010	0.0007445070892572403	
1011	0.0007443169131875038	
1012	0.0007435736828483641	
1013	0.0007407114491797984	
1014	0.0007376564666628837	
1015	0.0007354861125349998	
1016	0.0007349440013058484	
1017	0.0007346758735366166	
1018	0.0007343219360336662	
1019	0.0007337324554100632	
1020	0.0007333647576160729	
1021	0.0007330754189752043	
1022	0.0007330506574362517	
1023	0.0007329754647798836	
1024	0.0007329708780162037	
1025	0.000732937827706337	
1026	0.000732959306333214	
1027	0.0007329213432967663	
1028	0.0007329095737077296	
1029	0.0007328561623580754	
1030	0.0007328231469728053	
1031	0.0007327638100832701	
1032	0.0007327251136302948	
1033	0.000732670456636697	
1034	0.0007326239137910306	
1035	0.0007325627142563462	
1036	0.0007325089653022587	
1037	0.0007324435049667954	
1038	0.0007323757861740887	
1039	0.0007322989986278117	
1040	0.0007322155521251261	
1041	0.0007321213255636394	
1042	0.0007320190081372858	
1043	0.0007319056312553585	
1044	0.0007317842566408217	
1045	0.000731654220726341	
1046	0.0007315173861570656	
1047	0.000731375755276531	
1048	0.0007312311325222253	
1049	0.0007310848217457533	
1050	0.0007309385342523456	
1051	0.0007307947613298893	
1052	0.0007306523737497627	
1053	0.0007305140956304967	
1054	0.000730379275046289	
1055	0.000730248587206006	
1056	0.0007301220670342445	
1057	0.0007300004130229354	
1058	0.0007298829732462764	
1059	0.0007297694683074951	
1060	0.0007296599564142525	
1061	0.0007295536808669568	
1062	0.0007294501643627882	
1063	0.0007293491158634424	
1064	0.0007292497670277953	
1065	0.0007291507092304528	
1066	0.0007290527923032641	
1067	0.000728954200167209	
1068	0.0007288544788025319	
1069	0.0007287532440386713	
1070	0.0007286488777026534	
1071	0.0007285426370799541	
1072	0.0007284326711669564	
1073	0.0007283192360773682	
1074	0.0007282027043402195	
1075	0.0007280817721039057	
1076	0.000727958302013576	
1077	0.0007278314209543168	
1078	0.00072770252590999	
1079	0.0007275710115209222	
1080	0.0007274397881701589	
1081	0.0007273056195117533	
1082	0.0007271745940670371	
1083	0.0007270409842021763	
1084	0.00072691198438406	
1085	0.000726780982222408	
1086	0.0007266552071087063	
1087	0.0007265281165018678	
1088	0.0007264077430590987	
1089	0.0007262853556312621	
1090	0.0007261708611622453	
1091	0.0007260529790073633	
1092	0.0007259456440806388	
1093	0.0007258300785906613	
1094	0.000725729635450989	
1095	0.000725614873226732	
1096	0.000725524069275707	
1097	0.0007254052674397826	
1098	0.0007253262912854553	
1099	0.0007251960574649275	
1100	0.0007246147491969168	
1101	0.000724201847333461	
1102	0.0007242187857627869	
1103	0.0007239014026708901	
1104	0.0007232857402414084	
1105	0.0007228395435959101	
1106	0.0007227344787679613	
1107	0.0007228020927868784	
1108	0.000722842791583389	
1109	0.0007228342350572347	
1110	0.0007226992631331087	
1111	0.0007225879118777812	
1112	0.0007224581320770084	
1113	0.0007223248714581132	
1114	0.0007222146261483431	
1115	0.0007221235078759492	
1116	0.0007220272324047983	
1117	0.0007219470338895917	
1118	0.0007218565442599356	
1119	0.0007217575330287218	
1120	0.0007216579979285598	
1121	0.0007215609541162849	
1122	0.0007214601035229861	
1123	0.0007213612901978194	
1124	0.0007212599040940404	
1125	0.0007211591233499348	
1126	0.00072105877334252	
1127	0.000720959692262113	
1128	0.0007208606344647706	
1129	0.0007207616697996854	
1130	0.0007206626469269395	
1131	0.0007205642061308027	
1132	0.0007204652996733784	
1133	0.0007203663466498256	
1134	0.0007202670793049037	
1135	0.0007201682194136084	
1136	0.0007200690102763474	
1137	0.0007199701271019876	
1138	0.0007198717910796403	
1139	0.0007197730708867311	
1140	0.000719674164429307	
1141	0.000719575653783977	
1142	0.0007194774458184839	
1143	0.0007193799363449215	
1144	0.0007192817400209605	
1145	0.0007191846263594926	
1146	0.0007190873846411705	
1147	0.0007189910509623587	
1148	0.0007188946008682251	
1149	0.0007187991519458592	
1150	0.0007187038427218795	
1151	0.0007186097209341824	
1152	0.0007185162627138198	
1153	0.0007184238638728857	
1154	0.000718332827091217	
1155	0.0007182437344454229	
1156	0.0007181556080467999	
1157	0.000718070799484849	
1158	0.0007179867709055543	
1159	0.000717907352373004	
1160	0.0007178301340900362	
1161	0.0007177576306276023	
1162	0.000717688980512321	
1163	0.0007176263839937747	
1164	0.0007175694103352725	
1165	0.0007175187813118101	
1166	0.0007174763712100684	
1167	0.0007174405851401389	
1168	0.0007174159400165081	
1169	0.0007173959398642183	
1170	0.0007173911551944911	
1171	0.0007173862657509744	
1172	0.0007174024591222406	
1173	0.000717403891030699	
1174	0.0007174397003836929	
1175	0.0007174304104410112	
1176	0.0007174833328463138	
1177	0.0007174293859861791	
1178	0.0007175089325755834	
1179	0.0007173563470132649	
1180	0.0007175096427090466	
1181	0.0007171892793849111	
1182	0.0007175881182774901	
1183	0.0007170647033490241	
1184	0.0007182632689364254	
1185	0.000717808143235743	
1186	0.0007217196631245315	
1187	0.0007229780196212233	
1188	0.0007358680479228497	
1189	0.0007364856428466737	
1190	0.0007366362959146499	
1191	0.0007181560969911516	
1192	0.0007169912219978869	
1193	0.0007197435945272446	
1194	0.0007150456425733864	
1195	0.0007147301221266389	
1196	0.0007153272512368858	
1197	0.0007135584368370473	
1198	0.0007134532788768411	
1199	0.0007137524546124042	
1200	0.0007129769655875862	
1201	0.0007127846358343959	
1202	0.0007128575933165848	
1203	0.000712720863521099	
1204	0.0007126392796635628	
1205	0.0007126609911210835	
1206	0.0007124375784769654	
1207	0.000712499872315675	
1208	0.0007123984745703637	
1209	0.0007123646326363086	
1210	0.0007122156210243702	
1211	0.0007121705333702266	
1212	0.000712070637382567	
1213	0.0007120353286154569	
1214	0.0007119457819499076	
1215	0.0007118982612155378	
1216	0.0007117963046766818	
1217	0.0007117427652701735	
1218	0.000711650843732059	
1219	0.0007115897606126964	
1220	0.0007115025771781802	
1221	0.000711438583675772	
1222	0.0007113562431186437	
1223	0.000711287884041667	
1224	0.0007112048915587366	
1225	0.0007111353566870094	
1226	0.0007110537029802799	
1227	0.0007109818048775196	
1228	0.0007109010824933648	
1229	0.0007108281133696437	
1230	0.000710747973062098	
1231	0.0007106736185960472	
1232	0.0007105938042514026	
1233	0.0007105186465196312	
1234	0.0007104393211193383	
1235	0.0007103633834049106	
1236	0.0007102837436832488	
1237	0.0007102071773260832	
1238	0.0007101286202669144	
1239	0.0007100514485500753	
1240	0.0007099727634340524	
1241	0.0007098949514329434	
1242	0.0007098162197507918	
1243	0.0007097383379004896	
1244	0.0007096595014445484	
1245	0.0007095813285559416	
1246	0.0007095022941939533	
1247	0.0007094237371347845	
1248	0.0007093450170941651	
1249	0.0007092665182426572	
1250	0.0007091878331266343	
1251	0.0007091092993505299	
1252	0.0007090303348377347	
1253	0.0007089513586834073	
1254	0.0007088723359629512	
1255	0.0007087935693562031	
1256	0.0007087146281264722	
1257	0.0007086358848027885	
1258	0.000708556897006929	
1259	0.0007084780838340521	
1260	0.0007083992008119821	
1261	0.0007083202362991869	
1262	0.0007082409923896193	
1263	0.0007081621675752104	
1264	0.0007080829935148358	
1265	0.0007080042036250233	
1266	0.0007079253904521465	
1267	0.0007078465423546731	
1268	0.000707767519634217	
1269	0.0007076888345181942	
1270	0.0007076104055158793	
1271	0.0007075316156260669	
1272	0.0007074528723023832	
1273	0.0007073747110553086	
1274	0.000707295979373157	
1275	0.000707217666786164	
1276	0.0007071387721225619	
1277	0.000707060843706131	
1278	0.0007069830899126828	
1279	0.0007069054991006851	
1280	0.0007068266160786152	
1281	0.0007067492580972612	
1282	0.000706671632360667	
1283	0.0007065942045301199	
1284	0.0007065168814733624	
1285	0.0007064396981149912	
1286	0.0007063625613227487	
1287	0.0007062853313982487	
1288	0.0007062087883241474	
1289	0.0007061308133415878	
1290	0.0007060544099658728	
1291	0.0007059766794554889	
1292	0.0007059002877213061	
1293	0.0007058222079649567	
1294	0.0007057453622110188	
1295	0.0007056676782667637	
1296	0.0007055909722112119	
1297	0.0007055134512484074	
1298	0.0007054375251755119	
1299	0.0007053612032905221	
1300	0.0007050662185065449	
1301	0.0007051107939332723	
1302	0.0007051285938359797	
1303	0.0007048303144983947	
1304	0.0007045214297249913	
1305	0.0007043561898171901	
1306	0.0007043284713290632	
1307	0.0007043716032058001	
1308	0.0007043778663501143	
1309	0.0007043641759082675	
1310	0.0007042500074021518	
1311	0.0007041361648589372	
1312	0.0007040463387966156	
1313	0.0007039702963083982	
1314	0.0007038991199806333	
1315	0.0007038460811600089	
1316	0.0007037892122752964	
1317	0.0007037329953163863	
1318	0.0007036665105260908	
1319	0.0007035969174467027	
1320	0.000703521107789129	
1321	0.000703449675347656	
1322	0.0007033801637589931	
1323	0.0007033140864223242	
1324	0.0007032471476122737	
1325	0.0007031812332570553	
1326	0.0007031133747659624	
1327	0.0007030462380498648	
1328	0.0007029776927083731	
1329	0.0007029101718217135	
1330	0.0007028418825939297	
1331	0.0007027735118754208	
1332	0.0007027050014585257	
1333	0.0007026373757980763	
1334	0.0007025694474577903	
1335	0.0007025015191175043	
1336	0.0007024335092864931	
1337	0.0007023658603429794	
1338	0.0007022975943982602	
1339	0.0007022297941148281	
1340	0.0007021618890576065	
1341	0.0007020939025096596	
1342	0.0007020257296971976	
1343	0.0007019581622444093	
1344	0.000701889768242836	
1345	0.0007018217234872282	
1346	0.0007017542491666972	
1347	0.000701685599051416	
1348	0.0007016182178631424	
1349	0.0007015503128059208	
1350	0.0007014826638624072	
1351	0.0007014142349362374	
1352	0.0007013466092757881	
1353	0.0007012786460109055	
1354	0.0007012102520093322	
1355	0.000701142440084368	
1356	0.00070107412757352	
1357	0.0007010065717622637	
1358	0.0007009372231550515	
1359	0.0007008700515143574	
1360	0.0007008014479652047	
1361	0.0007007334381341935	
1362	0.0007006652886047959	
1363	0.0007005967781879008	
1364	0.0007005289080552757	
1365	0.0007004606537520886	
1366	0.0007003917708061635	
1367	0.0007003240170888603	
1368	0.0007002558675594627	
1369	0.0007001876831054688	
1370	0.0007001202204264701	
1371	0.0007000525365583599	
1372	0.0006999851670116186	
1373	0.0006999197183176875	
1374	0.0006998537573963404	
1375	0.000699790078215301	
1376	0.0006997274002060294	
1377	0.0006996677489951253	
1378	0.0006996106472797692	
1379	0.0006995573872700334	
1380	0.0006995091098360717	
1381	0.0006994686787948013	
1382	0.0006994353258050978	
1383	0.0006994147202931345	
1384	0.0006994057795964182	
1385	0.0006994162569753826	
1386	0.0006994434515945613	
1387	0.0006995010888203978	
1388	0.0006995816249400378	
1389	0.0006997041055001318	
1390	0.0006998512661084532	
1391	0.0007000563316978514	
1392	0.0007002714206464589	
1393	0.0007005552295595407	
1394	0.0007007960928604006	
1395	0.0007011069683358073	
1396	0.0007012361078523099	
1397	0.0007014473318122328	
1398	0.0007012169458903373	
1399	0.0007012220798060298	
1400	0.0006997242104262114	
1401	0.0006985853309743106	
1402	0.0006980981561355293	
1403	0.0006976214703172445	
1404	0.0006974042393267154	
1405	0.0006971872295252979	
1406	0.0006972815841436386	
1407	0.0006973900832235813	
1408	0.0006973445997573435	
1409	0.0006971722235903144	
1410	0.000697066867724061	
1411	0.0006969585316255689	
1412	0.0006968980771489442	
1413	0.0006968874367885292	
1414	0.0006968679488636553	
1415	0.0006968102883547544	
1416	0.0006967685767449439	
1417	0.0006967045366764069	
1418	0.0006966429762542247	
1419	0.0006965800770558417	
1420	0.0006965262116864323	
1421	0.0006964696804061532	
1422	0.0006964219617657363	
1423	0.0006963685969822109	
1424	0.0006963152321986854	
1425	0.0006962576531805098	
1426	0.0006962015759199858	
1427	0.0006961439969018102	
1428	0.0006960875936783851	
1429	0.000696031772531569	
1430	0.0006959767895750701	
1431	0.0006959204096347093	
1432	0.0006958653102628887	
1433	0.0006958081852644682	
1434	0.0006957524921745062	
1435	0.0006956948200240731	
1436	0.0006956392084248364	
1437	0.0006955816061235964	
1438	0.0006955252727493643	
1439	0.0006954691139981151	
1440	0.0006954117678105831	
1441	0.0006953551317565143	
1442	0.0006952981697395444	
1443	0.0006952412892132998	
1444	0.0006951847462914884	
1445	0.0006951277377083897	
1446	0.0006950707291252911	
1447	0.0006950139650143683	
1448	0.0006949565256945788	
1449	0.0006948995171114803	
1450	0.0006948428577743471	
1451	0.0006947856862097978	
1452	0.0006947291083633899	
1453	0.0006946720066480338	
1454	0.0006946149398572743	
1455	0.000694558082614094	
1456	0.0006945011904463172	
1457	0.0006944442866370082	
1458	0.0006943870801478624	
1459	0.0006943304324522614	
1460	0.0006942735868506134	
1461	0.0006942166946828365	
1462	0.0006941602448932826	
1463	0.0006941036554053426	
1464	0.0006940461229532957	
1465	0.0006939897895790637	
1466	0.0006939335959032178	
1467	0.0006938763777725399	
1468	0.0006938203237950802	
1469	0.0006937632570043206	
1470	0.0006937072263099253	
1471	0.0006936505204066634	
1472	0.000693594478070736	
1473	0.0006935376906767488	
1474	0.0006934823002666235	
1475	0.0006934255943633616	
1476	0.0006933700060471892	
1477	0.000693313591182232	
1478	0.0006932591088116169	
1479	0.0006932017859071493	
1480	0.0006931482115760445	
1481	0.0006930897128768265	
1482	0.0006930376053787768	
1483	0.0006929781520739198	
1484	0.0006929280003532768	
1485	0.0006928663933649659	
1486	0.0006928212358616292	
1487	0.0006927546812221408	
1488	0.0006927175563760102	
1489	0.0006926442729309201	
1490	0.0006926241563633085	
1491	0.0006925439694896341	
