epoch	 loss_proj	
0	0.0056493785065997925	
1	0.0032602311777217047	
2	0.0019742114402885947	
3	0.0014147373107594571	
4	0.0011414199169459088	
5	0.0009699086949694902	
6	0.000858898282915886	
7	0.0007826337116836969	
8	0.0007254761315250237	
9	0.0006820856651756912	
10	0.000642966541428385	
11	0.0006060797209751659	
12	0.0005913175160198339	
13	0.00056416004788064	
14	0.0005539641549278583	
15	0.0005300262481406597	
16	0.0005158253084768408	
17	0.0005022841765561939	
18	0.0004874859649654744	
19	0.0004770033701788634	
20	0.0004637620731955394	
21	0.0004570802047965117	
22	0.0004502550416093852	
23	0.0004419793383151825	
24	0.00043719269056704694	
25	0.0004293278533233596	
26	0.00042524739650876394	
27	0.0004248967462834636	
28	0.0004143837442305604	
29	0.00041555804637027904	
30	0.00040618859410252687	
31	0.00041463758991864907	
32	0.0004267471085768193	
33	0.00044882576496872516	
34	0.00040181574981293773	
35	0.00040780497407208065	
36	0.00040778895553168174	
37	0.00040098272438626736	
38	0.0003885059008358179	
39	0.00039112772044193534	
40	0.00037773093728381876	
41	0.00038285307631927675	
42	0.00037963423944477526	
43	0.00037360842855248066	
44	0.00037233910448516587	
45	0.00036182002284996476	
46	0.00035861547699564004	
47	0.0003606675641744265	
48	0.0003579205773088948	
49	0.00034807676378737336	
50	0.00034733769176195243	
51	0.0003464222255778233	
52	0.00034265049284191003	
53	0.0003390438432688825	
54	0.00033679209549778273	
55	0.0003344610501829136	
56	0.00033207028484736966	
57	0.0003299254448003402	
58	0.0003285074926679954	
59	0.0003273222339755323	
60	0.0003249016340955028	
61	0.00032309741176764613	
62	0.00032108771847561	
63	0.0003199536118440197	
64	0.0003209355646894047	
65	0.00032165067698640214	
66	0.00031376327180104066	
67	0.0003152273119277587	
68	0.00032282902403884303	
69	0.00031115460088975463	
70	0.00030733867138873653	
71	0.00030613473375394406	
72	0.0003053991708189382	
73	0.00030437621639326347	
74	0.0003069967367212355	
75	0.00031156386363103854	
76	0.00030134997567594316	
77	0.00029908487860146645	
78	0.0002970904736555115	
79	0.0003019070151952162	
80	0.0003025727772702729	
81	0.00029939564306654835	
82	0.00030902093983188806	
83	0.00029919332778912837	
84	0.00028907654892204197	
85	0.0002855946991725692	
86	0.0002862616971209978	
87	0.00028726716326283556	
88	0.0002869729110638478	
89	0.00028397386475782175	
90	0.00028302275729531957	
91	0.0002816069458536471	
92	0.0002830821161166698	
93	0.0002832742419351624	
94	0.000282532640475048	
95	0.00027879092418256083	
96	0.00027689744872207357	
97	0.00036882528157938007	
98	0.0004019434272777289	
99	0.0003454806989923652	
100	0.00030971914488223514	
101	0.00029028385168723095	
102	0.0002789545495553674	
103	0.00027342588925551226	
104	0.0002715478242732518	
105	0.0002703435966395773	
106	0.0002693124754711919	
107	0.00026819496218065197	
108	0.00026724832735323744	
109	0.0002663352575577197	
110	0.00026531509138294496	
111	0.0002639042437034992	
112	0.0002625005935052676	
113	0.00026144104153250476	
114	0.00026062430905377757	
115	0.0002598320393839718	
116	0.0002591617371113638	
117	0.00025845146904300364	
118	0.0002578947829273862	
119	0.0002573780875536613	
120	0.00025701423510327004	
121	0.0002568762871045952	
122	0.0002569987425106644	
123	0.0002573450832902121	
124	0.0002577116803357577	
125	0.0002577245000533627	
126	0.0002569921052781865	
127	0.00025573279708623886	
128	0.0002548159931653312	
129	0.0002545985969066221	
130	0.00025484167677599804	
131	0.00025504129059429815	
132	0.0002545838189169964	
133	0.00025324469243059866	
134	0.0002519867058643805	
135	0.0002515656851755921	
136	0.0002518467205975737	
137	0.00025222784097422846	
138	0.0002520011725469625	
139	0.00025068375595895177	
140	0.000249153656373632	
141	0.0002484706144189529	
142	0.00024870038448300747	
143	0.0002492323697619473	
144	0.0002492667522996531	
145	0.0002480442349873816	
146	0.0002461521840554529	
147	0.0002450741506306388	
148	0.0002451377877150662	
149	0.0002458348826621659	
150	0.0002462204876272673	
151	0.00024515437014218023	
152	0.00024269281285731786	
153	0.00024132724554095018	
154	0.0002414726212529266	
155	0.0002425588110262262	
156	0.0002434730096345967	
157	0.00024287755357883207	
158	0.00023939604372052209	
159	0.0002375995900365524	
160	0.00023786325410973013	
161	0.00023948786734503562	
162	0.00024113010242997137	
163	0.0002411085791079261	
164	0.0002349910033184902	
165	0.00023297678853850812	
166	0.00023384687509470887	
167	0.00023665185653953813	
168	0.00023940828707834174	
169	0.00023732045831690942	
170	0.0002321095411649107	
171	0.00022907656758824096	
172	0.00023067902813116753	
173	0.00023484971773411547	
174	0.00023808034789648706	
175	0.00023213323168290247	
176	0.0002261594963783864	
177	0.00022521990052025233	
178	0.0002268674995450835	
179	0.00022447682879698862	
180	0.00022209114467841573	
181	0.00021986806781829467	
182	0.0002233138750723031	
183	0.00021985497109458914	
184	0.00022140294536906628	
185	0.0002176004870437152	
186	0.0002247100689731139	
187	0.00022255587932055017	
188	0.0002186947526102553	
189	0.00021788375852338504	
190	0.00022196773872045533	
191	0.00022052679092407094	
192	0.00022090273029919314	
193	0.0002159513855336367	
194	0.0002152229384851775	
195	0.00021594875839322673	
196	0.00021437341352533882	
197	0.00021446251204387018	
198	0.0002153636269213166	
199	0.00021542160486985398	
200	0.00021212785343647868	
201	0.000210502119443845	
202	0.00021110610785919043	
203	0.00021377150603387105	
204	0.00021791861191949074	
205	0.0002217540495621506	
206	0.00022459766946017874	
207	0.00022631521824223455	
208	0.00021238965538421844	
209	0.000209790165692019	
210	0.00020712497981938732	
211	0.00020697236478944042	
212	0.00020708797689751788	
213	0.00020720556053025315	
214	0.0002085290133046718	
215	0.00021281543428943093	
216	0.00021279191527615434	
217	0.0002071987128147157	
218	0.00020452728287117288	
219	0.0002038856720381383	
220	0.00020470762735515433	
221	0.00020697344474943487	
222	0.0002093179755320307	
223	0.00021472197996834957	
224	0.00021232045842875129	
225	0.00022564657202955068	
226	0.0002250052239105571	
227	0.0002112957912946253	
228	0.0002056713921254933	
229	0.00020236283229938375	
230	0.00020042941598928467	
231	0.00020049948242168675	
232	0.00020009779785011363	
233	0.00020008735321295847	
234	0.00020058940442270665	
235	0.00020143098845437635	
236	0.00020336674554398217	
237	0.00020534524368745873	
238	0.00020235927461596605	
239	0.00019885681701582923	
240	0.00019808022391641446	
241	0.00019853782578138635	
242	0.00020101506639288606	
243	0.00020552604629691423	
244	0.00020631887543588943	
245	0.00020235375294370378	
246	0.00019965851996468182	
247	0.0001957302369451749	
248	0.0001970655640824199	
249	0.00019969058147190872	
250	0.00020521669492674327	
251	0.00020317181614310748	
252	0.0001965276042028563	
253	0.00019495543477075574	
254	0.00019472927358167778	
255	0.00019593936849560123	
256	0.00019839572165178003	
257	0.0002021542570998593	
258	0.00020333265768255972	
259	0.00020077327540743032	
260	0.00019730393692693075	
261	0.00019278094805486035	
262	0.00019392630981331292	
263	0.00019588273789850064	
264	0.0001998962821484643	
265	0.00020049789002639175	
266	0.00019535951962877464	
267	0.00019244251572152798	
268	0.00019181739220844714	
269	0.00019237188228414328	
270	0.00019451976913842373	
271	0.00019654494774710787	
272	0.00019768607411866209	
273	0.00019565669442402265	
274	0.0001936241000553959	
275	0.0001917941585166513	
276	0.00019223017313509314	
277	0.0001945681529572799	
278	0.00019681713482506375	
279	0.00019456165630669733	
280	0.0001914173943597624	
281	0.00018972368447326256	
282	0.0001903384316912187	
283	0.00019226776696866312	
284	0.00019416355722309424	
285	0.00019406896171858534	
286	0.00019182860030144054	
287	0.0001899175365126991	
288	0.0001894849091123823	
289	0.00019063212468089269	
290	0.00019220195853059913	
291	0.00019230074888452821	
292	0.00019047788477369716	
293	0.0001888472179416567	
294	0.0001884651095939002	
295	0.00018918319697799494	
296	0.00019018990990714104	
297	0.00019038417745572848	
298	0.00018938988926363111	
299	0.00018828611428034492	
300	0.0001865645296805139	
301	0.00018328721905293475	
302	0.00018263589065879517	
303	0.00018200386460063913	
304	0.0001818599713650266	
305	0.00018153261070048238	
306	0.00018135137465183755	
307	0.00018120912968048027	
308	0.00018101592156329258	
309	0.00018093578754425316	
310	0.0001808756335646779	
311	0.0001808515925014425	
312	0.00018084019523355112	
313	0.00018082123512743107	
314	0.00018074814163680588	
315	0.0001805965579738508	
316	0.0001804543415866127	
317	0.00018052448935382666	
318	0.000180759411575439	
319	0.00018082917293733253	
320	0.00018068050927208139	
321	0.00018041803819609674	
322	0.0001801111590923808	
323	0.00017981476698228756	
324	0.00017960408565288941	
325	0.00017952097914530896	
326	0.0001795022290025372	
327	0.0001794188621196164	
328	0.0001792334751371527	
329	0.0001789965915252521	
330	0.000178781188359218	
331	0.00017863180541358555	
332	0.00017854251226318802	
333	0.00017847988263903453	
334	0.00017840636402460014	
335	0.0001783126169487202	
336	0.0001782142179373685	
337	0.0001781392825900444	
338	0.00017810674424773815	
339	0.00017810251457766363	
340	0.0001781097401232858	
341	0.00017810213207017763	
342	0.0001780515467544319	
343	0.0001779264535538719	
344	0.00017772555942688735	
345	0.0001774916423268483	
346	0.00017729565245515135	
347	0.0001771733560807271	
348	0.0001770771661020782	
349	0.00017691382786974179	
350	0.00017667086961280023	
351	0.00017644245573527378	
352	0.00017630208302372402	
353	0.00017621561268502513	
354	0.00017609844014389507	
355	0.00017591179883830982	
356	0.0001757012554922507	
357	0.0001755274500153194	
358	0.0001754035071956293	
359	0.00017529080313189688	
360	0.0001751480953576642	
361	0.00017496763783648412	
362	0.0001747780201445234	
363	0.0001746106154314475	
364	0.0001744771029085054	
365	0.00017435607592882922	
366	0.00017421656022114412	
367	0.00017405164206658292	
368	0.0001738738109062459	
369	0.00017370534598220338	
370	0.00017355921331077946	
371	0.00017343164212694058	
372	0.00017330008111977286	
373	0.00017314791174222982	
374	0.00017297449163119642	
375	0.00017280186174113105	
376	0.00017265246996040723	
377	0.00017252175244461147	
378	0.00017239269410700736	
379	0.0001722500632500409	
380	0.00017208768102656386	
381	0.00017192066765606536	
382	0.0001717689823895593	
383	0.00017163695935908305	
384	0.0001715138163750193	
385	0.0001713829499619481	
386	0.00017123372266983746	
387	0.00017106771026322219	
388	0.00017090954913458387	
389	0.00017077151018643884	
390	0.00017064754164104152	
391	0.00017052043819733496	
392	0.0001703760754026007	
393	0.00017021200957450283	
394	0.00017004291372099293	
395	0.00016989069471102475	
396	0.0001697558701770114	
397	0.00016963097316745137	
398	0.00016949742426472118	
399	0.00016934372563680102	
400	0.00016706069280709407	
401	0.00016594155308017174	
402	0.00016569595391047187	
403	0.00016560068408060552	
404	0.0001657087414059788	
405	0.00016585195148114247	
406	0.00016593557406200228	
407	0.00016576961986304793	
408	0.0001654856987443054	
409	0.00016511771458941178	
410	0.000164743244697872	
411	0.0001644291112045591	
412	0.00016422980557503512	
413	0.0001640823718064764	
414	0.00016396340678121696	
415	0.00016388073683109333	
416	0.0001638254346159686	
417	0.00016380180984145097	
418	0.0001638119951426883	
419	0.00016385294812997536	
420	0.00016392861782930725	
421	0.00016402735491283238	
422	0.00016413146243264367	
423	0.00016422334556409623	
424	0.00016427771957491392	
425	0.0001642702165034799	
426	0.00016420900413192742	
427	0.00016412712648161687	
428	0.00016404730792731113	
429	0.00016397654975922445	
430	0.0001639059901208384	
431	0.00016382364784866304	
432	0.000163721290196658	
433	0.000163614182643609	
434	0.00016352048779871048	
435	0.00016344158861362042	
436	0.00016336825397697145	
437	0.00016328451446107856	
438	0.00016318559781731374	
439	0.0001630794382175996	
440	0.00016297741344065538	
441	0.00016288940813475556	
442	0.00016280725711632322	
443	0.00016271558602706397	
444	0.000162610296423996	
445	0.00016249192620827152	
446	0.00016237657239668936	
447	0.00016227240121224895	
448	0.00016218064904803344	
449	0.0001620914660764226	
450	0.00016199134941936272	
451	0.00016187466020970272	
452	0.0001617538689190821	
453	0.00016164705396347147	
454	0.0001615594444176947	
455	0.0001614827742741909	
456	0.00016139912388877877	
457	0.00016129503845669596	
458	0.00016117479572130833	
459	0.0001610571759686406	
460	0.00016095832844647312	
461	0.00016088071840515892	
462	0.0001608109383336601	
463	0.0001607238352465044	
464	0.00016060916849320556	
465	0.0001604795940823221	
466	0.00016035690610546486	
467	0.00016026496632548515	
468	0.00016019756964981622	
469	0.00016013045855548365	
470	0.00016003998695980824	
471	0.00015991027872327583	
472	0.00015976417203741482	
473	0.0001596374744882009	
474	0.0001595517527935694	
475	0.00015950131949336668	
476	0.00015945177879724985	
477	0.00015936045461525543	
478	0.00015921754129522014	
479	0.0001590555854948304	
480	0.0001589202124055841	
481	0.0001588391618757409	
482	0.00015881544667146436	
483	0.00015880441086275305	
484	0.00015873252959863748	
485	0.00015857110676214297	
486	0.00015837375914478407	
487	0.0001582114374676686	
488	0.00015812883611943107	
489	0.0001581332903047691	
490	0.00015818031819695273	
491	0.00015815460808101176	
492	0.0001579798478944992	
493	0.00015772800881157828	
494	0.0001575127228404329	
495	0.00015739751974511558	
496	0.00015741317318835563	
497	0.00015754026519841448	
498	0.00015762712947824703	
499	0.00015747272560214957	
500	0.00015548464242393884	
501	0.00015457285241739425	
502	0.00015460933744699496	
503	0.000154668831653128	
504	0.00015471256197737863	
505	0.00015484454031268667	
506	0.0001552273333800258	
507	0.0001556200474754275	
508	0.00015600626855822547	
509	0.00015614151249922412	
510	0.00015594039619567672	
511	0.0001554140573197011	
512	0.0001548437620450776	
513	0.0001544409972536544	
514	0.00015425960892961093	
515	0.00015426094666638943	
516	0.00015440109798094324	
517	0.00015460765722049734	
518	0.0001547967419485628	
519	0.00015489237531645422	
520	0.0001548408641351021	
521	0.00015463529988275177	
522	0.0001543438343755302	
523	0.0001540640992711165	
524	0.00015386511950055137	
525	0.0001537688627390058	
526	0.0001537649781572067	
527	0.00015382440817899936	
528	0.000153907988143536	
529	0.0001539721426005209	
530	0.0001539847045413418	
531	0.00015392978743225934	
532	0.00015380979883567697	
533	0.0001536458455250665	
534	0.0001534744083723386	
535	0.00015332536116017894	
536	0.00015321848695748486	
537	0.00015315828256591755	
538	0.0001531359014604407	
539	0.00015313293209016723	
540	0.00015313363993690082	
541	0.00015312232114540945	
542	0.00015308894710740008	
543	0.0001530295446303041	
544	0.000152945776530292	
545	0.0001528459789759446	
546	0.00015274018655223439	
547	0.00015263830287689676	
548	0.00015254854718347945	
549	0.00015247493658015237	
550	0.00015241594623408413	
551	0.0001523681785329245	
552	0.000152326217045941	
553	0.0001522860680519703	
554	0.00015224205084710514	
555	0.00015219240828758172	
556	0.00015213606924849695	
557	0.00015207176017741273	
558	0.00015200148975834184	
559	0.0001519283692427312	
560	0.00015185478436511142	
561	0.0001517829488355866	
562	0.00015171446492396562	
563	0.00015164888230044329	
564	0.00015158586367241305	
565	0.0001515262878716125	
566	0.00015146922981200208	
567	0.0001514135261199304	
568	0.00015135823481874207	
569	0.0001513039055030926	
570	0.00015124872671939165	
571	0.00015119181184023285	
572	0.00015113330794390225	
573	0.00015107430096707373	
574	0.00015101449519404144	
575	0.00015095495525331768	
576	0.00015089439615881668	
577	0.00015083542478220937	
578	0.00015077578843504722	
579	0.00015071589820893548	
580	0.00015065659889452427	
581	0.00015059870254065442	
582	0.00015054107383808253	
583	0.00015048415272238863	
584	0.00015042656923469622	
585	0.00015037024396795978	
586	0.00015031376018928962	
587	0.00015025707346337316	
588	0.00015020191390898878	
589	0.0001501480788387458	
590	0.0001500925715975297	
591	0.00015003605325806087	
592	0.00014998055017453486	
593	0.00014992585602158215	
594	0.00014987046285698722	
595	0.00014981619018986488	
596	0.00014976135753386188	
597	0.00014970674861355552	
598	0.00014965198170102667	
599	0.00014959771916827385	
600	0.0001486763590686938	
601	0.00014802150040590538	
602	0.0001474882057144506	
603	0.0001475178525132443	
604	0.0001476252425293621	
605	0.00014758857274240915	
606	0.00014751528020237207	
607	0.00014750128009057204	
608	0.0001475262743042549	
609	0.0001475726359266056	
610	0.00014748371527925234	
611	0.00014725034439574562	
612	0.0001469120687553576	
613	0.0001466447430565105	
614	0.00014644999958233842	
615	0.0001463504170585241	
616	0.00014628049068830608	
617	0.00014624267727672953	
618	0.0001462110585634946	
619	0.0001461831909961932	
620	0.00014615514399857993	
621	0.00014612550031805377	
622	0.000146094664030118	
623	0.00014606507491927396	
624	0.00014603592236588675	
625	0.0001460093257524672	
626	0.00014598566173974956	
627	0.0001459644727219711	
628	0.00014594535332435044	
629	0.00014592688993226538	
630	0.00014590965383831644	
631	0.0001458920859087292	
632	0.0001458736430452388	
633	0.00014585283549552384	
634	0.00014583052104301584	
635	0.0001458059533823481	
636	0.00014577910120091734	
637	0.00014574937488630115	
638	0.00014571705807091867	
639	0.0001456832212300339	
640	0.0001456469147212504	
641	0.00014560837748181906	
642	0.00014556792055892792	
643	0.00014552514637346446	
644	0.00014548029061448427	
645	0.00014543338784278603	
646	0.00014538306991848264	
647	0.0001453304400586473	
648	0.00014527453108062867	
649	0.00014521683065790318	
650	0.00014515820242065405	
651	0.00014510382100395094	
652	0.00014506366291503321	
653	0.00014505178127624925	
654	0.0001450786100706734	
655	0.00014514229522839223	
656	0.0001452184537161624	
657	0.0001452772515092095	
658	0.00014530234368846453	
659	0.00014529851978295483	
660	0.00014527391431329306	
661	0.00014523423812663947	
662	0.00014518009070993036	
663	0.00014511562156777863	
664	0.00014504335623704328	
665	0.00014496420862997184	
666	0.00014487930054331497	
667	0.00014479142282652901	
668	0.00014470064862897352	
669	0.00014460852707998129	
670	0.00014451490369538078	
671	0.00014442213107810988	
672	0.0001443320405607145	
673	0.0001442444395901735	
674	0.00014415891161791348	
675	0.00014407666679159905	
676	0.00014399929308897948	
677	0.00014392617945954304	
678	0.00014385619254296347	
679	0.00014378922878677258	
680	0.0001437265045751701	
681	0.00014366597471442738	
682	0.00014360751902131597	
683	0.00014355106460633188	
684	0.00014349592532068658	
685	0.0001434425308356627	
686	0.0001433906956143411	
687	0.00014333945247407037	
688	0.0001432880908396328	
689	0.0001432399805188262	
690	0.00014319129656671845	
691	0.00014314629554844162	
692	0.00014310141497324885	
693	0.00014305986444794274	
694	0.0001430216990619166	
695	0.00014298753857084584	
696	0.0001429572604528013	
697	0.0001429347764444953	
698	0.00014291841385524355	
699	0.0001429071756189972	
700	0.00014269412648510688	
701	0.00014315993485070067	
702	0.00014335164710895957	
703	0.00014308819949552083	
704	0.00014292164996732026	
705	0.00014300018483481836	
706	0.0001431214777767309	
707	0.00014322862846581432	
708	0.00014329891122802759	
709	0.00014336515635347626	
710	0.00014344686262899944	
711	0.00014354433707402286	
712	0.00014364678866383786	
713	0.00014374367635485084	
714	0.00014383165645475465	
715	0.0001439169682271313	
716	0.0001440110089398721	
717	0.00014413002749539113	
718	0.00014429540494477675	
719	0.00014452849557398752	
720	0.00014484428980462586	
721	0.00014526002165179567	
722	0.0001457925350873016	
723	0.0001464117985960911	
724	0.00014701997913237262	
725	0.000147457269122242	
726	0.00014747591584247339	
727	0.00014695899569362934	
728	0.00014616727457905654	
729	0.00014547422506439034	
730	0.00014502509709148268	
731	0.00014476853409308075	
732	0.0001446159472574696	
733	0.00014450874524689944	
734	0.00014442072045182743	
735	0.00014434280508014905	
736	0.00014427128618470824	
737	0.00014420242301379664	
738	0.00014413540845583026	
739	0.00014407051029203494	
740	0.0001440067623791817	
741	0.0001439448734734989	
742	0.00014388512240007652	
743	0.00014382677051928892	
744	0.00014376987292052945	
745	0.00014371332872542553	
746	0.00014365751888232938	
747	0.0001436032190602938	
748	0.0001435497463587256	
749	0.00014349720251110348	
750	0.00014344471154410194	
751	0.00014339335354764313	
752	0.0001433430344539894	
753	0.00014329362199662552	
754	0.0001432454889384514	
755	0.00014319831773588833	
756	0.00014315223792696737	
757	0.00014310712958831573	
758	0.00014306324724852208	
759	0.000143020828675487	
760	0.0001429805060979561	
761	0.00014294169094292947	
762	0.00014290360494279803	
763	0.00014286725334906287	
764	0.00014283245283357765	
765	0.00014279952704652845	
766	0.00014276815259758484	
767	0.00014273718885046298	
768	0.00014270683732320322	
769	0.000142678567499388	
770	0.000142651286036458	
771	0.0001426250921992635	
772	0.00014259853222548763	
773	0.00014257304844379957	
774	0.00014254831369596235	
775	0.00014252278093148822	
776	0.0001424974486456319	
777	0.00014247286162571982	
778	0.0001424486721849202	
779	0.0001424241163476836	
780	0.00014239873806738096	
781	0.0001423728012274036	
782	0.00014234704667615006	
783	0.0001423216495563143	
784	0.00014229486519720273	
785	0.00014226728035282576	
786	0.00014223928922417275	
787	0.0001422104944919868	
788	0.00014218139313015854	
789	0.00014215190978055553	
790	0.00014212229585349893	
791	0.00014209151530459558	
792	0.00014205970559747323	
793	0.00014202770242783508	
794	0.0001419954445996804	
795	0.00014196276866381856	
796	0.0001419296414886568	
797	0.0001418961679259415	
798	0.0001418628223421235	
799	0.00014182919299595857	
800	0.00014197381798502256	
801	0.00014049307498810646	
802	0.0001402222847640847	
803	0.00014044858692484143	
804	0.0001403909087197722	
805	0.00014027497919804382	
806	0.00014030588733606107	
807	0.00014033861355398715	
808	0.0001403546683442463	
809	0.00014037676945528283	
810	0.00014041013011072728	
811	0.000140448933312395	
812	0.00014049220174326495	
813	0.0001405427275520716	
814	0.00014060171127182133	
815	0.0001406709021206812	
816	0.0001407527766527242	
817	0.00014085040792061982	
818	0.00014096774663942467	
819	0.00014111021040922163	
820	0.0001412850698605845	
821	0.00014150131028145552	
822	0.00014177011390919297	
823	0.00014210315202944912	
824	0.0001425096371739138	
825	0.0001429866294659275	
826	0.0001435021925187487	
827	0.00014397440268762045	
828	0.00014427495482647958	
829	0.00014427942733163945	
830	0.0001439594239595213	
831	0.00014341551429554653	
832	0.00014280721435560345	
833	0.0001422723475375928	
834	0.00014187861363877476	
835	0.00014162852650250507	
836	0.0001414843977077648	
837	0.00014140189783315042	
838	0.0001413474020799705	
839	0.00014130122547482773	
840	0.00014125471859318038	
841	0.0001412072783101134	
842	0.0001411579031420323	
843	0.00014110785092010962	
844	0.00014105992834499505	
845	0.00014101259421295254	
846	0.0001409668488382262	
847	0.00014092390002978	
848	0.00014088216435733817	
849	0.0001408413364905365	
850	0.00014080149009844587	
851	0.00014076335719437338	
852	0.00014072607206929076	
853	0.00014068886996808163	
854	0.00014065184002122675	
855	0.00014061632984001854	
856	0.00014058130480926984	
857	0.00014054639021716348	
858	0.00014051203093653645	
859	0.00014047835390686356	
860	0.00014044486683165554	
861	0.00014041087836501122	
862	0.00014037789579950704	
863	0.00014034595785363178	
864	0.00014031333583781297	
865	0.0001402811871490225	
866	0.00014024973357403984	
867	0.0001402181660523638	
868	0.0001401863796023203	
869	0.0001401553915586971	
870	0.00014012416327854486	
871	0.00014009289004336876	
872	0.00014006303925790626	
873	0.00014003211916653008	
874	0.00014000120466204992	
875	0.00013997142390767943	
876	0.0001399414244847971	
877	0.00013991173701859743	
878	0.00013988203811875013	
879	0.00013985223228831143	
880	0.00013982257236680847	
881	0.0001397929444075479	
882	0.00013976316599187806	
883	0.00013973326804261887	
884	0.00013970437170688195	
885	0.00013967502205300013	
886	0.0001396456449843494	
887	0.00013961592958366964	
888	0.00013958707898252345	
889	0.00013955794344967996	
890	0.00013952805628442938	
891	0.0001394992818209825	
892	0.00013947051333421508	
893	0.0001394408244388095	
894	0.00013941205374326922	
895	0.00013938288598832775	
896	0.00013935361468091806	
897	0.00013932446186767526	
898	0.0001392955213564814	
899	0.00013926627343607834	
900	0.00013891114888662872	
901	0.0001374520313350201	
902	0.00013719729382241245	
903	0.0001372705718105343	
904	0.00013719483078083222	
905	0.0001371735383405134	
906	0.0001371782908401136	
907	0.00013718089121539379	
908	0.00013717353197405049	
909	0.00013717655201617163	
910	0.00013718373065785272	
911	0.00013718993834897577	
912	0.00013719579874305055	
913	0.00013720263164681716	
914	0.00013721079475154902	
915	0.00013721959112444893	
916	0.00013722897269222552	
917	0.00013723864282967822	
918	0.00013724861608872225	
919	0.00013725872421283775	
920	0.00013726894472451283	
921	0.00013727912443885413	
922	0.000137289398350861	
923	0.0001372993276943037	
924	0.0001373089713264822	
925	0.00013731849997254488	
926	0.00013732752177020302	
927	0.00013733631450512412	
928	0.00013734456193300763	
929	0.00013735253352414084	
930	0.00013735936642790745	
931	0.00013736604991468733	
932	0.00013737171684624627	
933	0.00013737761284054223	
934	0.0001373819189081717	
935	0.0001373855133611609	
936	0.0001373885276864582	
937	0.0001373908465081643	
938	0.00013739172222163428	
939	0.00013739183525883294	
940	0.00013739105842042982	
941	0.00013738914133552629	
942	0.00013738573891584695	
943	0.00013738132617748176	
944	0.0001373760825507426	
945	0.00013736969893735868	
946	0.00013736225628235843	
947	0.0001373535634619267	
948	0.00013734380146550912	
949	0.00013733301277950107	
950	0.00013732207246773344	
951	0.00013731013366071108	
952	0.00013729767020517362	
953	0.00013728470782682831	
954	0.0001372705395884363	
955	0.0001372560554955271	
956	0.0001372413459778597	
957	0.00013722628357624802	
958	0.0001372109251990748	
959	0.00013719543026776852	
960	0.00013717954334424576	
961	0.00013716315009202975	
962	0.00013714694042781566	
963	0.00013713084977747973	
964	0.00013711418510605914	
965	0.00013709752108427762	
966	0.00013708065177654914	
967	0.00013706356951713263	
968	0.00013704650622717703	
969	0.00013702905042529373	
970	0.0001370120010376143	
971	0.00013699423301919263	
972	0.00013697662351270474	
973	0.0001369594439373551	
974	0.00013694229580453663	
975	0.00013692450491881964	
976	0.00013690652563777154	
977	0.00013688900915959884	
978	0.0001368714968391162	
979	0.0001368532528951099	
980	0.00013683576383170606	
981	0.00013681819213421216	
982	0.00013680044334510706	
983	0.00013678218939665903	
984	0.00013676456845652346	
985	0.00013674704678123817	
986	0.00013672862769453786	
987	0.00013671101052230888	
988	0.0001366932547171018	
989	0.0001366756302689152	
990	0.00013665762266360356	
991	0.00013663980384340642	
992	0.00013662168060233983	
993	0.00013660324007755013	
994	0.0001365858663900456	
995	0.00013656814241715307	
996	0.0001365502587629765	
997	0.00013653267407270114	
998	0.0001365145065262498	
999	0.00013649722002030882	
1000	0.00013636451330967247	
1001	0.0001356688597817473	
1002	0.0001361393233310082	
1003	0.0001362761796761853	
1004	0.00013644077223164328	
1005	0.00013675488012917673	
1006	0.00013698371614217258	
1007	0.00013717553000398247	
1008	0.00013730563387071015	
1009	0.00013732723436987726	
1010	0.0001372294486178102	
1011	0.00013703135105710577	
1012	0.0001367724016745342	
1013	0.00013650249716842415	
1014	0.00013626288104465596	
1015	0.00013607411515944738	
1016	0.00013593706743059947	
1017	0.00013584137533533585	
1018	0.00013577334162359226	
1019	0.00013572208614017915	
1020	0.00013567993976591554	
1021	0.00013564289695620703	
1022	0.00013560928904813148	
1023	0.0001355786075042228	
1024	0.00013555006561156397	
1025	0.0001355239390769774	
1026	0.00013549981966726982	
1027	0.00013547751833747107	
1028	0.00013545671195710644	
1029	0.00013543735985876992	
1030	0.00013541907693641924	
1031	0.0001354018190145975	
1032	0.00013538541666743446	
1033	0.0001353698344246368	
1034	0.0001353548605038668	
1035	0.00013534051894177019	
1036	0.00013532681168726413	
1037	0.0001353133327159282	
1038	0.00013530057575345772	
1039	0.00013528796495977855	
1040	0.00013527610255031114	
1041	0.00013526424832629606	
1042	0.00013525253858201073	
1043	0.00013524136440017692	
1044	0.00013523016800068684	
1045	0.00013521927953011721	
1046	0.00013520862142156278	
1047	0.0001351979023768633	
1048	0.00013518770863031802	
1049	0.00013517727438738802	
1050	0.00013516649570582167	
1051	0.00013515584214474075	
1052	0.00013514556784295046	
1053	0.00013513519050840323	
1054	0.00013512407505394158	
1055	0.00013511290412030315	
1056	0.00013510181919887794	
1057	0.0001350900833391019	
1058	0.00013507792586356767	
1059	0.0001350657062825381	
1060	0.00013505294425288281	
1061	0.0001350396590039184	
1062	0.00013502638726744669	
1063	0.00013501272496796446	
1064	0.00013499846655966912	
1065	0.00013498441668551614	
1066	0.00013497023974196054	
1067	0.00013495591896831423	
1068	0.00013494115072327468	
1069	0.00013492606948212988	
1070	0.00013491114610327974	
1071	0.00013489632783603156	
1072	0.00013488116876812586	
1073	0.0001348659287551917	
1074	0.0001348507190154383	
1075	0.0001348354893967293	
1076	0.00013482130764584457	
1077	0.00013480633125644608	
1078	0.00013479094858277158	
1079	0.00013477592425000954	
1080	0.00013476164323427447	
1081	0.00013474695255614018	
1082	0.00013473192614453313	
1083	0.00013471699912770418	
1084	0.00013470192659172296	
1085	0.00013468698918066884	
1086	0.00013467221859692863	
1087	0.000134658116621722	
1088	0.00013464337813015196	
1089	0.00013462854427156605	
1090	0.0001346137235356894	
1091	0.00013459887954273393	
1092	0.0001345842590256195	
1093	0.0001345701404196526	
1094	0.000134555584476662	
1095	0.00013454045152424702	
1096	0.00013452530830753467	
1097	0.00013451094985482217	
1098	0.00013449705901231418	
1099	0.00013448288440745922	
1100	0.0001340354054783737	
1101	0.0001329625310972915	
1102	0.00013306824140662293	
1103	0.00013299121435141257	
1104	0.00013301760515917392	
1105	0.00013301191536031962	
1106	0.0001329954166067182	
1107	0.00013301148062185218	
1108	0.0001330126898600221	
1109	0.0001330109551937702	
1110	0.00013301277535252405	
1111	0.00013301348228976297	
1112	0.00013301480911260505	
1113	0.00013301590414422599	
1114	0.00013301668553010262	
1115	0.00013301760645845206	
1116	0.00013301843020079623	
1117	0.00013301925537234638	
1118	0.00013302004832179852	
1119	0.0001330207292734745	
1120	0.00013302140931565582	
1121	0.00013302211911130662	
1122	0.0001330228498253356	
1123	0.00013302345866707453	
1124	0.00013302423017843727	
1125	0.0001330248835854166	
1126	0.00013302546865036544	
1127	0.00013302607918116597	
1128	0.00013302664657593205	
1129	0.00013302721371084253	
1130	0.000133027832686951	
1131	0.00013302847946761176	
1132	0.00013302885547870704	
1133	0.00013302942846036916	
1134	0.0001330298356541399	
1135	0.00013302996376296505	
1136	0.00013303016060360408	
1137	0.0001330302687035458	
1138	0.00013303043527100402	
1139	0.00013303024635596166	
1140	0.00013302980044370218	
1141	0.00013302959022049827	
1142	0.00013302877960086334	
1143	0.00013302738651483587	
1144	0.00013302613193185868	
1145	0.0001330246524438345	
1146	0.00013302241313795093	
1147	0.00013301979548227143	
1148	0.00013301677686935624	
1149	0.0001330133708116981	
1150	0.0001330093663065262	
1151	0.00013300472515506305	
1152	0.00013300000396806614	
1153	0.00013299467069113495	
1154	0.0001329886141060602	
1155	0.0001329821009546452	
1156	0.00013297524154560442	
1157	0.00013296801418099285	
1158	0.00013296067183026544	
1159	0.00013295302622801891	
1160	0.0001329450556763082	
1161	0.00013293644328119366	
1162	0.00013292803227419166	
1163	0.00013291911649763018	
1164	0.00013291020111085215	
1165	0.00013290142812495884	
1166	0.00013289227016295108	
1167	0.00013288250933588382	
1168	0.00013287300836444565	
1169	0.00013286356261232868	
1170	0.00013285381516782633	
1171	0.0001328441768626882	
1172	0.00013283424271191637	
1173	0.0001328239552874168	
1174	0.00013281364694453908	
1175	0.0001328035549314726	
1176	0.00013279313186233464	
1177	0.000132782847296247	
1178	0.00013277230131539648	
1179	0.0001327617222029533	
1180	0.00013275137228317493	
1181	0.00013274068805912975	
1182	0.00013272980699444555	
1183	0.00013271938223624602	
1184	0.00013270881663629552	
1185	0.00013269776744501932	
1186	0.00013268704580176354	
1187	0.00013267608184313367	
1188	0.00013266523858744352	
1189	0.00013265420238894876	
1190	0.00013264317788395732	
1191	0.00013263235879484064	
1192	0.00013262123723377175	
1193	0.00013261038137508358	
1194	0.00013259910987731667	
1195	0.00013258791035955904	
1196	0.00013257678100282128	
1197	0.0001325655730397557	
1198	0.0001325546749545278	
1199	0.0001325433623995715	
1200	0.00013221888899092197	
1201	0.0001314393817405549	
1202	0.0001315286763201584	
1203	0.00013146164331244239	
1204	0.00013147928322203889	
1205	0.00013143947541850918	
1206	0.00013144274700087926	
1207	0.00013144401535620482	
1208	0.0001314359437206544	
1209	0.00013143307998169412	
1210	0.00013143021000619877	
1211	0.000131427455926314	
1212	0.00013142482125009077	
1213	0.0001314221466860285	
1214	0.00013141995415415813	
1215	0.00013141749695932958	
1216	0.00013141517514928376	
1217	0.00013141277512269362	
1218	0.0001314101672116002	
1219	0.00013140794700510533	
1220	0.00013140533064870397	
1221	0.00013140285877203235	
1222	0.00013140019733067935	
1223	0.00013139754771275745	
1224	0.00013139489159844482	
1225	0.00013139225380395407	
1226	0.00013138945489897327	
1227	0.00013138676396400633	
1228	0.00013138386969200968	
1229	0.00013138103297803485	
1230	0.00013137812675267924	
1231	0.00013137517843071173	
1232	0.00013137231560124616	
1233	0.0001313691515991065	
1234	0.00013136608335376617	
1235	0.00013136287322725235	
1236	0.00013135990723510207	
1237	0.00013135678805805843	
1238	0.00013135350166391748	
1239	0.00013135023787721626	
1240	0.00013134689717324882	
1241	0.0001313435323027079	
1242	0.00013133998605293788	
1243	0.0001313368336143737	
1244	0.00013133307246399845	
1245	0.00013132937731695295	
1246	0.00013132563981343992	
1247	0.00013132194583574477	
1248	0.00013131794717732452	
1249	0.00013131372309414604	
1250	0.00013130963504538937	
1251	0.0001313053851065758	
1252	0.0001313009096130762	
1253	0.000131296283923023	
1254	0.00013129145619521814	
1255	0.0001312863895301624	
1256	0.00013128130532485166	
1257	0.00013127601765258338	
1258	0.00013127045544284295	
1259	0.00013126456165731985	
1260	0.00013125894046035164	
1261	0.00013125268677478225	
1262	0.0001312462441741705	
1263	0.00013123964410104754	
1264	0.00013123308196684645	
1265	0.00013122625477990368	
1266	0.0001312189832398352	
1267	0.0001312117679585104	
1268	0.0001312046885816796	
1269	0.00013119714354356153	
1270	0.00013118946883748452	
1271	0.00013118146372497513	
1272	0.00013117366129985645	
1273	0.0001311656012278815	
1274	0.0001311574751525768	
1275	0.00013114942027771446	
1276	0.00013114114101751641	
1277	0.00013113279094665944	
1278	0.00013112432900795414	
1279	0.00013111594944348326	
1280	0.00013110725142593895	
1281	0.00013109871464881247	
1282	0.00013108996907768805	
1283	0.00013108120180861858	
1284	0.00013107235502372663	
1285	0.00013106355982017703	
1286	0.00013105473512301354	
1287	0.00013104591393390104	
1288	0.00013103701322896604	
1289	0.0001310280710770582	
1290	0.00013101893026552197	
1291	0.0001310098063446016	
1292	0.00013100094786620633	
1293	0.0001309917796399012	
1294	0.00013098278785556822	
1295	0.00013097371018894982	
1296	0.00013096441138519106	
1297	0.00013095544779519384	
1298	0.0001309462224006503	
1299	0.00013093699856524057	
1300	0.00013065721577731892	
1301	0.00013025780741112873	
1302	0.00013035237147310648	
1303	0.00013035278555305143	
1304	0.0001304228405518058	
1305	0.00013045608544156754	
1306	0.0001305601177331742	
1307	0.00013066302666889636	
1308	0.00013072349715262784	
1309	0.00013060614583082497	
1310	0.0001304321324693904	
1311	0.00013035072697675787	
1312	0.00013034290298362196	
1313	0.00013035399310215974	
1314	0.0001303596654906869	
1315	0.0001303568459271836	
1316	0.00013035194375074103	
1317	0.00013034728986635206	
1318	0.00013034313152664772	
1319	0.00013033878297262293	
1320	0.00013033422757351737	
1321	0.000130329400235496	
1322	0.00013032438541163823	
1323	0.000130319270023652	
1324	0.00013031425857791743	
1325	0.00013030893049809883	
1326	0.00013030371220728348	
1327	0.0001302980392990451	
1328	0.0001302924907317252	
1329	0.00013028674948145635	
1330	0.00013028098029670737	
1331	0.00013027537482100473	
1332	0.00013026944530533262	
1333	0.0001302636605292459	
1334	0.00013025760147554268	
1335	0.00013025166312477917	
1336	0.00013024552897279915	
1337	0.00013023952799682905	
1338	0.000130233407877053	
1339	0.00013022729906099682	
1340	0.00013022110553200555	
1341	0.0001302150605105063	
1342	0.0001302088664618038	
1343	0.00013020264551804367	
1344	0.00013019638416673324	
1345	0.00013018993078211288	
1346	0.0001301834876617899	
1347	0.00013017724852813574	
1348	0.00013017104928232065	
1349	0.00013016474986216053	
1350	0.0001301583054425594	
1351	0.00013015191026559996	
1352	0.00013014558524966042	
1353	0.00013013908976842816	
1354	0.00013013277813505347	
1355	0.0001301263126671464	
1356	0.00013011988994549029	
1357	0.00013011321880185278	
1358	0.0001301069214605377	
1359	0.0001301003556883578	
1360	0.00013009409277791356	
1361	0.00013008736667481053	
1362	0.0001300808526139008	
1363	0.00013007420121929108	
1364	0.0001300677508230105	
1365	0.00013006126079874645	
1366	0.00013005488926864928	
1367	0.00013004814640485814	
1368	0.00013004138691030676	
1369	0.00013003485790769837	
1370	0.00013002825367688535	
1371	0.00013002141726506773	
1372	0.00013001505379049507	
1373	0.0001300084205857794	
1374	0.0001300016777219883	
1375	0.00012999532464164076	
1376	0.00012998855891055427	
1377	0.0001299818174759691	
1378	0.0001299748067010244	
1379	0.00012996795287887965	
1380	0.00012996127030159447	
1381	0.00012995449339671592	
1382	0.0001299479999943287	
1383	0.00012994132573242365	
1384	0.0001299346148308749	
1385	0.0001299276604446017	
1386	0.00012992073789064307	
1387	0.00012991412183639892	
1388	0.00012990720136128533	
1389	0.00012990035351582004	
1390	0.00012989371134608518	
1391	0.00012988671135514908	
1392	0.00012987987975066062	
1393	0.00012987283467477288	
1394	0.0001298660226893844	
1395	0.0001298590645352046	
1396	0.00012985237870972405	
1397	0.00012984558335509582	
1398	0.0001298385954474465	
1399	0.00012983151931881106	
1400	0.0001296675927733304	
1401	0.00012982841131555948	
1402	0.00012985092845545814	
1403	0.00012996645935865154	
1404	0.00012996450160634204	
1405	0.00012997970640883847	
1406	0.000129987366043289	
1407	0.0001299934982463518	
1408	0.00012999672500362585	
1409	0.00012999949181643648	
1410	0.00012999989173424962	
1411	0.00012999829401191425	
1412	0.00012999483858168657	
1413	0.0001299897333280699	
1414	0.00012998317795011514	
1415	0.00012997521649335146	
1416	0.00012996605372401454	
1417	0.00012995555165876534	
1418	0.00012994441450635868	
1419	0.00012993228977263373	
1420	0.00012991951241149633	
1421	0.00012990617895931273	
1422	0.00012989237646771862	
1423	0.0001298783068445378	
1424	0.00012986398983879814	
1425	0.00012984964217009422	
1426	0.000129834957728495	
1427	0.00012982058706256794	
1428	0.00012980609231557798	
1429	0.00012979162381400653	
1430	0.00012977738827300658	
1431	0.00012976317780807482	
1432	0.000129749138328147	
1433	0.0001297352403396092	
1434	0.00012972174057982296	
1435	0.00012970808529644273	
1436	0.00012969486280261272	
1437	0.0001296817758234933	
1438	0.00012966891128079233	
1439	0.00012965606258928477	
1440	0.00012964362550909364	
1441	0.00012963107266321977	
1442	0.0001296189628711935	
1443	0.000129606840606097	
1444	0.00012959504913721633	
1445	0.00012958320413807605	
1446	0.00012957165134659071	
1447	0.00012956026733133643	
1448	0.00012954893242879604	
1449	0.00012953765885218412	
1450	0.0001295267507625145	
1451	0.00012951567350683035	
1452	0.0001295050198158216	
1453	0.00012949421787717647	
1454	0.00012948366371087365	
1455	0.00012947322258176946	
1456	0.0001294628018513322	
1457	0.00012945253638463328	
1458	0.00012944224428273237	
1459	0.00012943222996649899	
1460	0.00012942212093288878	
1461	0.00012941221536623613	
1462	0.00012940236774738878	
1463	0.00012939263771321357	
1464	0.00012938281270180596	
1465	0.00012937323546274065	
1466	0.00012936360001601445	
1467	0.00012935413906234317	
1468	0.0001293445933957368	
1469	0.00012933526587793103	
1470	0.0001293258670297551	
1471	0.000129316682692401	
1472	0.00012930733477592833	
1473	0.00012929823813984903	
1474	0.00012928904769588762	
1475	0.0001292800084879023	
1476	0.00012927096616164948	
1477	0.00012926210001751315	
1478	0.0001292530433992007	
1479	0.000129244225848067	
1480	0.00012923520171170821	
1481	0.00012922656696900958	
1482	0.00012921764911360306	
1483	0.00012920891822432168	
1484	0.000129200158101282	
1485	0.00012919154115869396	
1486	0.0001291828497674682	
1487	0.00012917443564219866	
1488	0.00012916560120044908	
1489	0.00012915720682420733	
1490	0.00012914861703653254	
1491	0.0001291402985381345	
1492	0.00012913158609860278	
1493	0.00012912341324928484	
1494	0.00012911481839442525	
1495	0.00012910663255232585	
1496	0.00012909807940429476	
1497	0.00012908977207968877	
1498	0.00012908156168123242	
1499	0.00012907318731387413	
1500	0.0001290006369215137	
1501	0.0001293825993603345	
1502	0.0001294523765734214	
1503	0.00012956958744325675	
1504	0.00012975995845668616	
1505	0.00012989852322269662	
1506	0.00012992910926966163	
1507	0.00012987400727329908	
1508	0.00012978537844381726	
1509	0.0001296955060752225	
1510	0.00012964556195324155	
1511	0.00012964933505697575	
1512	0.00012968387844531598	
1513	0.00012972669056970126	
1514	0.00012977204135365485	
1515	0.0001298223152324291	
1516	0.00012988006658685793	
1517	0.00012994605510487287	
1518	0.00013001921187034377	
1519	0.00013009808753849939	
1520	0.00013017912858361212	
1521	0.00013025826865487034	
1522	0.00013032903526826494	
1523	0.00013038415818300564	
1524	0.00013041570218774723	
1525	0.0001304172077912621	
1526	0.00013038530141784577	
1527	0.00013032055981706696	
1528	0.00013022807641911122	
1529	0.00013011582177568926	
1530	0.00012999304012087772	
1531	0.00012986891488253605	
1532	0.0001297514099860564	
1533	0.00012964648431079695	
1534	0.00012955684971010278	
1535	0.00012948284178751886	
1536	0.00012942292778461706	
1537	0.00012937497519617734	
1538	0.00012933611404670437	
1539	0.00012930415687151253	
1540	0.00012927737705987447	
1541	0.00012925421313931501	
1542	0.00012923389892551183	
1543	0.00012921582245845848	
1544	0.0001291993205865895	
1545	0.00012918428339097382	
1546	0.0001291705085740042	
1547	0.0001291576354560675	
1548	0.0001291457534275001	
1549	0.00012913456599302923	
1550	0.0001291242003519853	
1551	0.0001291143605288068	
1552	0.0001291051209721315	
1553	0.00012909645049928389	
1554	0.0001290882416599613	
1555	0.00012908029397554595	
1556	0.00012907269774586894	
1557	0.00012906539034572364	
1558	0.0001290583069411306	
1559	0.00012905155784080437	
1560	0.00012904510471603965	
1561	0.0001290388475224193	
1562	0.0001290326920622777	
1563	0.00012902669966154332	
1564	0.00012902085979606324	
1565	0.00012901525406050496	
1566	0.0001290096353321652	
1567	0.00012900415549665922	
1568	0.00012899865604205324	
1569	0.00012899326559688364	
1570	0.00012898795830551535	
1571	0.0001289827613228616	
1572	0.00012897754212255158	
1573	0.00012897240178842497	
1574	0.00012896719752981362	
1575	0.00012896196481701087	
1576	0.00012895683890487168	
1577	0.00012895178146469073	
1578	0.0001289467337690959	
1579	0.00012894148741387262	
1580	0.00012893629796703214	
1581	0.00012893108812152474	
1582	0.0001289260405558577	
1583	0.00012892102300351586	
1584	0.0001289158500575078	
1585	0.00012891057706708255	
1586	0.00012890528406777385	
1587	0.00012890013204014394	
1588	0.00012889488880318822	
1589	0.0001288896160726186	
1590	0.00012888421445365696	
1591	0.0001288790511223072	
1592	0.00012887369783649255	
1593	0.0001288683650792726	
1594	0.0001288629962021202	
1595	0.00012885740917616722	
1596	0.00012885211058996253	
1597	0.0001288466358216413	
1598	0.00012884129877680346	
1599	0.00012883574929998889	
1600	0.0001286768646033514	
1601	0.00012830618262731669	
1602	0.00012825293509065107	
1603	0.0001282274233744829	
1604	0.00012821610926039284	
1605	0.0001281974653985734	
1606	0.00012819938378275504	
1607	0.0001282063841634746	
1608	0.00012820681266540696	
1609	0.00012820735979143398	
1610	0.000128207649790316	
1611	0.00012820780739275506	
1612	0.00012820790133056498	
1613	0.0001282081357203424	
1614	0.00012820836842105824	
1615	0.00012820857877418997	
1616	0.00012820871182027207	
1617	0.00012820896011232565	
1618	0.00012820904417562166	
1619	0.00012820910589133355	
1620	0.00012820931507511496	
1621	0.0001282093217014335	
1622	0.00012820936080970569	
1623	0.0001282094456525686	
1624	0.0001282093691250858	
1625	0.0001282093340445759	
1626	0.00012820911368700244	
1627	0.00012820897505402433	
1628	0.00012820878912732172	
1629	0.00012820842104182311	
1630	0.00012820822576031787	
1631	0.00012820789314511267	
1632	0.0001282073501767757	
1633	0.0001282067239247096	
1634	0.00012820625202688722	
1635	0.00012820571893306415	
1636	0.00012820498237228354	
1637	0.00012820411978152282	
1638	0.00012820317559609457	
1639	0.00012820222413470868	
1640	0.00012820120654006523	
1641	0.000128200128528988	
1642	0.0001281989230587247	
1643	0.00012819760805931374	
1644	0.00012819612402381608	
1645	0.00012819462699553696	
1646	0.00012819315036592473	
1647	0.0001281914648123867	
1648	0.0001281896889590176	
1649	0.0001281879419496233	
1650	0.0001281859492467317	
1651	0.0001281839714855388	
1652	0.00012818185483151216	
1653	0.00012817958070497428	
1654	0.00012817726422196886	
1655	0.00012817488407433433	
1656	0.00012817239075957332	
1657	0.00012816972827879778	
1658	0.000128167149341607	
1659	0.00012816458222784734	
1660	0.0001281616158459136	
1661	0.00012815873768496594	
1662	0.0001281557954696057	
1663	0.000128152713451917	
1664	0.00012814958959747206	
1665	0.00012814656201953767	
1666	0.00012814325470701857	
1667	0.0001281397778387015	
1668	0.00012813630928576458	
1669	0.0001281330101586978	
1670	0.00012812966321819528	
1671	0.00012812612411445507	
1672	0.0001281224605398685	
1673	0.00012811876734174023	
1674	0.00012811513131185035	
1675	0.00012811132338746184	
1676	0.00012810732615824754	
1677	0.00012810359164307426	
1678	0.00012809984192634665	
1679	0.00012809604075820452	
1680	0.00012809205873054452	
1681	0.0001280881007395302	
1682	0.00012808407687511396	
1683	0.00012808012616005726	
1684	0.0001280761998714297	
1685	0.00012807200827020488	
1686	0.00012806789033805086	
1687	0.00012806379761189288	
1688	0.0001280597298318753	
1689	0.00012805562216401865	
1690	0.00012805150605085406	
1691	0.00012804740202097622	
1692	0.0001280430321587898	
1693	0.00012803883302175173	
1694	0.00012803453163152362	
1695	0.00012803031872213718	
1696	0.00012802624327637853	
1697	0.00012802203998165038	
1698	0.00012801760528548454	
1699	0.00012801329142218622	
1700	0.00012782665544364136	
1701	0.00012753080305368973	
1702	0.00012753873631611765	
1703	0.00012753409620407702	
1704	0.0001275335981907639	
1705	0.00012753583113018458	
1706	0.0001275482450832247	
1707	0.0001275491923869205	
1708	0.00012754877765733648	
1709	0.00012754980499656604	
1710	0.00012755072267672013	
1711	0.0001275518725378788	
1712	0.00012755272161614682	
1713	0.0001275534389476109	
1714	0.00012755388810806574	
1715	0.00012755451903753316	
1716	0.00012755496767827675	
1717	0.00012755531237676872	
1718	0.00012755562784150243	
1719	0.00012755583234788252	
1720	0.00012755610727513807	
1721	0.00012755621342616256	
1722	0.0001275563416649155	
1723	0.0001275564167631923	
1724	0.00012755649939728237	
1725	0.0001275564389808486	
1726	0.0001275563326998963	
1727	0.00012755627085425658	
1728	0.00012755601424682287	
1729	0.000127555967212954	
1730	0.00012755571580263286	
1731	0.0001275552774261866	
1732	0.00012755514087205353	
1733	0.0001275548384001013	
1734	0.0001275543301224908	
1735	0.0001275538536771949	
1736	0.00012755348429241816	
1737	0.00012755286245789778	
1738	0.00012755228726746282	
1739	0.00012755178899429405	
1740	0.00012755112025583263	
1741	0.00012755035277223215	
1742	0.00012754960399823695	
1743	0.00012754879168954046	
1744	0.0001275479437806228	
1745	0.00012754707846137796	
1746	0.0001275461388234232	
1747	0.0001275451638451029	
1748	0.00012754405997839058	
1749	0.00012754298326659149	
1750	0.00012754190876356524	
1751	0.0001275407616308907	
1752	0.0001275394579351996	
1753	0.00012753813630947012	
1754	0.00012753697020733462	
1755	0.0001275354105538489	
1756	0.00012753408749891344	
1757	0.00012753272793426213	
1758	0.00012753122414973665	
1759	0.00012752958978775756	
1760	0.00012752801324365594	
1761	0.00012752643007323577	
1762	0.00012752468722153156	
1763	0.00012752306078514915	
1764	0.00012752112992789729	
1765	0.00012751944112616393	
1766	0.0001275176248652445	
1767	0.00012751562124841648	
1768	0.00012751366375596263	
1769	0.00012751179552391738	
1770	0.000127509785150843	
1771	0.00012750779790491964	
1772	0.00012750557393051816	
1773	0.00012750345454800742	
1774	0.00012750123239259535	
1775	0.0001274990264781601	
1776	0.00012749682589076526	
1777	0.00012749463076033862	
1778	0.00012749237807189014	
1779	0.00012749001260609866	
1780	0.0001274877671936078	
1781	0.00012748539627084808	
1782	0.00012748284565792086	
1783	0.00012748040028652343	
1784	0.00012747795582462068	
1785	0.0001274754376936471	
1786	0.000127473000507702	
1787	0.00012747041793253238	
1788	0.000127467819116386	
1789	0.00012746527473999386	
1790	0.00012746264785943952	
1791	0.00012746005216156066	
1792	0.0001274573564192646	
1793	0.0001274546119540381	
1794	0.0001274519399885321	
1795	0.00012744915589532217	
1796	0.0001274464038942824	
1797	0.00012744373244848766	
1798	0.0001274410159177413	
1799	0.0001274382688539585	
1800	0.00012730661910609342	
1801	0.00012714550315909686	
1802	0.0001271863049104078	
1803	0.0001272072119848287	
1804	0.00012720563894877808	
1805	0.00012721761192681567	
1806	0.00012721613269864714	
1807	0.000127211579118531	
1808	0.00012721202762934678	
1809	0.00012721211377148784	
1810	0.0001272115298758893	
1811	0.00012721086711410732	
1812	0.0001272100642901413	
1813	0.0001272092682224216	
1814	0.0001272083923790238	
1815	0.00012720745027244057	
1816	0.0001272063755095587	
1817	0.0001272052394207484	
1818	0.0001272041099582566	
1819	0.0001272028596628973	
1820	0.00012720165627147902	
1821	0.00012720035894225084	
1822	0.00012719892285011674	
1823	0.00012719757147091774	
1824	0.0001271961511000492	
1825	0.00012719460378970586	
1826	0.00012719315418507904	
1827	0.00012719153593414894	
1828	0.0001271899760208076	
1829	0.00012718833919020005	
1830	0.00012718662154449184	
1831	0.000127185003813273	
1832	0.000127183330862733	
1833	0.00012718146613873875	
1834	0.0001271797795457782	
1835	0.00012717793288175017	
1836	0.00012717622485070024	
1837	0.00012717421421777026	
1838	0.00012717235118283758	
1839	0.0001271704980224188	
1840	0.00012716846725067756	
1841	0.00012716653197588	
1842	0.00012716453940291622	
1843	0.00012716254228247896	
1844	0.0001271605025457185	
1845	0.00012715851555965076	
1846	0.0001271563531710334	
1847	0.00012715426964859944	
1848	0.00012715218742544363	
1849	0.0001271499851489872	
1850	0.00012714782613849302	
1851	0.00012714557267047764	
1852	0.00012714342548341456	
1853	0.00012714125296042766	
1854	0.00012713899910262886	
1855	0.0001271366062220685	
1856	0.00012713441576904318	
1857	0.00012713212527160067	
1858	0.00012712982944711776	
1859	0.00012712752660653287	
1860	0.00012712520531619833	
1861	0.0001271227813828903	
1862	0.00012712047100649215	
1863	0.00012711806890105696	
1864	0.00012711573591721908	
1865	0.0001271133061371594	
1866	0.00012711094989624274	
1867	0.00012710849763867112	
1868	0.00012710608669814455	
1869	0.00012710357922125176	
1870	0.00012710106706695763	
1871	0.00012709869900260986	
1872	0.00012709620581777666	
1873	0.00012709371302272693	
1874	0.0001270911998290103	
1875	0.0001270886609095864	
1876	0.00012708626517061411	
1877	0.0001270837593827829	
1878	0.00012708119850555834	
1879	0.0001270786377582616	
1880	0.00012707606804594564	
1881	0.00012707359383057337	
1882	0.0001270710686834978	
1883	0.00012706852742537324	
1884	0.00012706597811172417	
1885	0.0001270633770868049	
1886	0.00012706074383978766	
1887	0.0001270581873801088	
1888	0.00012705570549899546	
1889	0.00012705322192882055	
1890	0.00012705056100717878	
1891	0.00012704793854417012	
1892	0.00012704542405117536	
1893	0.00012704287239882563	
1894	0.00012704021121732824	
1895	0.00012703761435009904	
1896	0.00012703511908642082	
1897	0.00012703252442796447	
1898	0.00012702995393608165	
1899	0.00012702732432704318	
1900	0.00012693682544652672	
1901	0.00012690077216705374	
1902	0.0001269427152042876	
1903	0.00012693219507907218	
1904	0.00012692983481039328	
1905	0.0001269197162920526	
1906	0.0001269102410463217	
1907	0.00012690647002143254	
1908	0.0001269023455928878	
1909	0.00012689871333090456	
1910	0.0001268956699017768	
1911	0.00012689295311117479	
1912	0.0001268902133233496	
1913	0.0001268877075355184	
1914	0.0001268852099331395	
1915	0.00012688284121915267	
1916	0.0001268804743241552	
1917	0.0001268781106773531	
1918	0.00012687585383121456	
1919	0.0001268737271727462	
1920	0.00012687144356147786	
1921	0.0001268693287264406	
1922	0.00012686714775814574	
1923	0.00012686511412799258	
1924	0.00012686296161388912	
1925	0.00012686098086435647	
1926	0.0001268588649898967	
1927	0.00012685682460349717	
1928	0.00012685487672570162	
1929	0.000126852823086665	
1930	0.00012685091015945154	
1931	0.00012684893070919706	
1932	0.00012684699153656505	
1933	0.00012684508393639199	
1934	0.00012684317191867325	
1935	0.00012684118961000683	
1936	0.00012683932046846685	
1937	0.00012683738909150373	
1938	0.0001268355556801128	
1939	0.0001268335789583424	
1940	0.00012683169942257727	
1941	0.0001268298927763161	
1942	0.00012682798985354436	
1943	0.00012682607887524812	
1944	0.00012682420531616247	
1945	0.0001268223949019947	
1946	0.0001268204289642329	
1947	0.00012681853227799626	
1948	0.00012681665313201456	
1949	0.00012681482192939647	
1950	0.0001268128804180638	
1951	0.00012681104726652848	
1952	0.0001268091870900077	
1953	0.00012680727208394922	
1954	0.0001268054477675053	
1955	0.00012680346545883886	
1956	0.00012680154863379097	
1957	0.00012679973886926227	
1958	0.00012679775734016272	
1959	0.00012679585857508106	
1960	0.00012679407245741459	
1961	0.00012679207026979254	
1962	0.00012679011784452347	
1963	0.00012678829521714112	
1964	0.00012678630563251709	
1965	0.0001267844336325652	
1966	0.00012678242481862462	
1967	0.00012678052319513102	
1968	0.000126778610657701	
1969	0.00012677662951838492	
1970	0.00012677457393043108	
1971	0.0001267726589243726	
1972	0.00012677072520870882	
1973	0.0001267687597906583	
1974	0.0001267666509323005	
1975	0.00012676480426827247	
1976	0.0001267628135142981	
1977	0.0001267607884593807	
1978	0.00012675879965432353	
1979	0.00012675680071489687	
1980	0.00012675481684709666	
1981	0.00012675278087824284	
1982	0.00012675075426419165	
1983	0.0001267486795768491	
1984	0.00012674669713825487	
1985	0.00012674468637539706	
1986	0.00012674252788461411	
1987	0.0001267405661045424	
1988	0.00012673846738055415	
1989	0.0001267364008786639	
1990	0.0001267344606666094	
1991	0.00012673231114084565	
1992	0.00012673016018587596	
1993	0.00012672810031030428	
1994	0.0001267261380105213	
1995	0.00012672401641923768	
1996	0.0001267218541605481	
1997	0.0001267197754454433	
1998	0.00012671779547547755	
1999	0.00012671561203855423	
2000	0.00012668415482559276	
