epoch	 loss_proj	
0	0.00982536026276648	
1	0.009123257361352444	
2	0.008009973564185202	
3	0.006715441355481744	
4	0.005209783907048404	
5	0.004280572233255953	
6	0.0034940773039124906	
7	0.0030375310452654958	
8	0.0026521586696617305	
9	0.0023421072401106358	
10	0.0020953847269993275	
11	0.0018595358997117728	
12	0.0016301497526001185	
13	0.0014058165834285319	
14	0.0012200269557069987	
15	0.0010705241584219038	
16	0.0009462326852371916	
17	0.0008581274014431983	
18	0.0007923827797640115	
19	0.0007332078675972298	
20	0.0006796812958782539	
21	0.0006351453048409894	
22	0.000595496894675307	
23	0.0005594555987045169	
24	0.0005286486994009465	
25	0.0004964590480085462	
26	0.0004705388273578137	
27	0.0004470556741580367	
28	0.00043959410686511546	
29	0.0004967740678694099	
30	0.00044681854342343286	
31	0.00041331244574394077	
32	0.000390850160329137	
33	0.0003623736120061949	
34	0.0003454835605225526	
35	0.0003289817032054998	
36	0.00030894617520971224	
37	0.00029112818447174504	
38	0.00027998849327559583	
39	0.00027055173268308863	
40	0.00026005606923718005	
41	0.00025019074746523984	
42	0.00024079581271507777	
43	0.00023303974012378603	
44	0.00022590261869481765	
45	0.00021935354379820637	
46	0.0002132050103682559	
47	0.00020745989968418144	
48	0.00020211948503856547	
49	0.00019776675253524445	
50	0.00019796398191829212	
51	0.00020303417841205373	
52	0.00019075879026786424	
53	0.00018578100207378156	
54	0.00018153767814510502	
55	0.0001777330726326909	
56	0.00017620762810111046	
57	0.0001726508344290778	
58	0.00017014307013596408	
59	0.00016810616580187343	
60	0.00016501267964486033	
61	0.00016281953867292032	
62	0.00016156173296622	
63	0.00017325174121651798	
64	0.00018138108862331137	
65	0.0001680665445746854	
66	0.00015709529543528333	
67	0.00015482259550481103	
68	0.00015267271010088734	
69	0.00015119709132704884	
70	0.00015021321814856492	
71	0.0001487991976318881	
72	0.00014730648763361387	
73	0.00014547434329870157	
74	0.00014513837231788784	
75	0.00014429235670831986	
76	0.00014279549213824794	
77	0.0001422003588231746	
78	0.00014130249110166915	
79	0.00014069982353248633	
80	0.0001404096074111294	
81	0.0001430856755177956	
82	0.00016167513967957348	
83	0.00015982794866431504	
84	0.00015293756587198004	
85	0.0001490055219619535	
86	0.00015077896023285575	
87	0.00014191023365128785	
88	0.00013794769984087907	
89	0.00013748292258242145	
90	0.00013402863260125741	
91	0.00013291859613673296	
92	0.00013248147297417745	
93	0.0001307248185185017	
94	0.00013029653018747922	
95	0.00012941375280206557	
96	0.00012864834206993692	
97	0.00012819384755857754	
98	0.00012723223517241422	
99	0.00012687895105045754	
100	0.00012618086111615412	
101	0.000125300195577438	
102	0.000124489784866455	
103	0.00012369291835057084	
104	0.00012329001583566424	
105	0.00012283652358746622	
106	0.00012270211846043821	
107	0.0001221866059495369	
108	0.00012186022286186926	
109	0.00012131202856835444	
110	0.00012091384814993944	
111	0.00012035448889946565	
112	0.0001199297603307059	
113	0.00011949138752243016	
114	0.0001190874281746801	
115	0.00011870732487295754	
116	0.00011831078336399514	
117	0.00011789728341682348	
118	0.00011756186722777784	
119	0.00011715722939698026	
120	0.00011678310875140596	
121	0.0001164537352451589	
122	0.00011609983448579442	
123	0.00011574123709578998	
124	0.0001153928715211805	
125	0.00011510857075336389	
126	0.00011495268154249061	
127	0.00011512693163240328	
128	0.00011616203300945926	
129	0.00011822680062323343	
130	0.00011748128963517956	
131	0.00011327973152219784	
132	0.00011341168828948867	
133	0.00011301526319584809	
134	0.00011173560960742179	
135	0.00011252703734498937	
136	0.00011368771629349794	
137	0.00011283897583780345	
138	0.00011084825382567942	
139	0.00011007208013324998	
140	0.0001098749453376513	
141	0.00010952370757877361	
142	0.00010911567915172782	
143	0.00010901001951424405	
144	0.0001116172134061344	
145	0.00012756470459862612	
146	0.00011896902469743509	
147	0.00011862232895509806	
148	0.00011146563701913692	
149	0.00010794763147714548	
150	0.00010745829786173999	
151	0.00010745897270680871	
152	0.00010700929306040052	
153	0.00010661026135494467	
154	0.00010581004789855797	
155	0.00010535324145166669	
156	0.00010480232049303595	
157	0.00010478809599590022	
158	0.00010426906192151364	
159	0.00010393053889856674	
160	0.00010391372961748857	
161	0.00010332925558032002	
162	0.00010329170982004143	
163	0.00010313654638594016	
164	0.00010269725862599444	
165	0.00010258105430693831	
166	0.00010250537343381438	
167	0.0001021847092488315	
168	0.0001019440678646788	
169	0.00010188169653702062	
170	0.00010182429832639173	
171	0.00010178438060393091	
172	0.0001021083298837766	
173	0.00010318436216039117	
174	0.00010444036524859257	
175	0.00010300352732883766	
176	0.00010023686445492785	
177	0.00010231461783405393	
178	0.00010619619934004731	
179	0.00010134660988114774	
180	9.926720849762205e-05	
181	0.00010086712791235186	
182	9.974809108825866e-05	
183	9.786152804736048e-05	
184	9.827131907513831e-05	
185	9.890735418593977e-05	
186	9.764793867361732e-05	
187	9.672557825979311e-05	
188	9.675475121184718e-05	
189	9.77740219241241e-05	
190	0.00010086398469866253	
191	0.00010757958807516843	
192	9.872979717329144e-05	
193	0.00010229107465420384	
194	9.736195534060244e-05	
195	9.760543434822466e-05	
196	9.548998059472069e-05	
197	9.643806151871104e-05	
198	9.517056605545804e-05	
199	9.424236304766964e-05	
200	9.415471868123859e-05	
201	9.408022015122697e-05	
202	9.30716960283462e-05	
203	9.251620758732315e-05	
204	9.215820136887487e-05	
205	9.196053724735975e-05	
206	9.173949547403026e-05	
207	9.152383790933527e-05	
208	9.145556214207318e-05	
209	9.11591669137124e-05	
210	9.106739889830351e-05	
211	9.08723013708368e-05	
212	9.074100125872064e-05	
213	9.050172593561001e-05	
214	9.04086155060213e-05	
215	9.024836799653713e-05	
216	9.013191265694331e-05	
217	9.001832222566009e-05	
218	8.990628521132749e-05	
219	8.98095931916032e-05	
220	8.971226270659827e-05	
221	8.964323933469132e-05	
222	8.955560588219669e-05	
223	8.951579184213188e-05	
224	8.944343790062703e-05	
225	8.941332089307252e-05	
226	8.936843551055063e-05	
227	8.933814933698159e-05	
228	8.932142009143718e-05	
229	8.929390241974033e-05	
230	8.928769602789544e-05	
231	8.927143062464893e-05	
232	8.925686051952653e-05	
233	8.924065514293034e-05	
234	8.920098844100721e-05	
235	8.913723104342353e-05	
236	8.902625268092379e-05	
237	8.884636372386012e-05	
238	8.85926292539807e-05	
239	8.826435805531219e-05	
240	8.788541163085029e-05	
241	8.749416520004161e-05	
242	8.712423368706368e-05	
243	8.679507845954504e-05	
244	8.651155440020375e-05	
245	8.627136230643373e-05	
246	8.606513074482791e-05	
247	8.588582386437338e-05	
248	8.573155173507985e-05	
249	8.560197784390766e-05	
250	8.549696030968335e-05	
251	8.541584429622162e-05	
252	8.535841880075168e-05	
253	8.532435458619148e-05	
254	8.530998638889287e-05	
255	8.530801824235823e-05	
256	8.531037747161463e-05	
257	8.530731975042727e-05	
258	8.52868688525632e-05	
259	8.523834367224481e-05	
260	8.51521072036121e-05	
261	8.501896627421957e-05	
262	8.483342207910027e-05	
263	8.461094330414198e-05	
264	8.461312972940505e-05	
265	8.72099117259495e-05	
266	0.00010016129817813635	
267	9.189460070047062e-05	
268	9.376519301440567e-05	
269	8.71205520525109e-05	
270	8.494275971315801e-05	
271	8.525058547093067e-05	
272	8.400216756854206e-05	
273	8.434433948423248e-05	
274	8.344512389157899e-05	
275	8.286266893264838e-05	
276	8.273342064057942e-05	
277	8.215750312956516e-05	
278	8.207758219214156e-05	
279	8.211967542592902e-05	
280	8.195343616534956e-05	
281	8.173330934369005e-05	
282	8.174747381417546e-05	
283	8.181492921721656e-05	
284	8.160827565006912e-05	
285	8.145381798385642e-05	
286	8.148456799972337e-05	
287	8.156950934790075e-05	
288	8.136251744872425e-05	
289	8.121367864077911e-05	
290	8.123338557197712e-05	
291	8.134096424328163e-05	
292	8.124498708639294e-05	
293	8.112913747027051e-05	
294	8.114028969430365e-05	
295	8.12155230960343e-05	
296	8.118891128106043e-05	
297	8.114612865028903e-05	
298	8.112311115837656e-05	
299	8.104586049739737e-05	
300	7.99958379502641e-05	
301	7.968380850797985e-05	
302	7.92545652075205e-05	
303	7.878336509747896e-05	
304	7.846627704566345e-05	
305	7.828291927580722e-05	
306	7.823914893378969e-05	
307	7.816065044607967e-05	
308	7.813739284756593e-05	
309	7.80219033913454e-05	
310	7.787731556163635e-05	
311	7.777183418511413e-05	
312	7.764771726215258e-05	
313	7.754048783681355e-05	
314	7.748472307866905e-05	
315	7.742246634734329e-05	
316	7.737031228316482e-05	
317	7.729459684924223e-05	
318	7.723704038653523e-05	
319	7.7155151302577e-05	
320	7.708243174420204e-05	
321	7.70278784330003e-05	
322	7.695061867707409e-05	
323	7.690388156333938e-05	
324	7.684753109060694e-05	
325	7.679317786823958e-05	
326	7.675275264773518e-05	
327	7.670176091778558e-05	
328	7.666148303542286e-05	
329	7.661906420253217e-05	
330	7.658674439880997e-05	
331	7.653947614016943e-05	
332	7.651579653611407e-05	
333	7.647663551324513e-05	
334	7.644975266885012e-05	
335	7.641595038876403e-05	
336	7.639089199074078e-05	
337	7.63668394938577e-05	
338	7.633935274498072e-05	
339	7.631792323081754e-05	
340	7.629658284713514e-05	
341	7.628506500623189e-05	
342	7.628331877640449e-05	
343	7.629557330801617e-05	
344	7.633431050635409e-05	
345	7.64001852076035e-05	
346	7.648699101991951e-05	
347	7.653896136616822e-05	
348	7.644509969395585e-05	
349	7.613696288899519e-05	
350	7.572276626888197e-05	
351	7.540275692008436e-05	
352	7.526300760218874e-05	
353	7.529547656304203e-05	
354	7.560844824183732e-05	
355	7.674984408367891e-05	
356	7.940149225760251e-05	
357	7.918558549135923e-05	
358	7.595617535116617e-05	
359	7.843164166843053e-05	
360	7.563368126284331e-05	
361	7.595226270495914e-05	
362	7.520624421886168e-05	
363	7.556056698376779e-05	
364	7.474378071492538e-05	
365	7.479291161871515e-05	
366	7.443096183123998e-05	
367	7.475648453691974e-05	
368	7.458740219590254e-05	
369	7.409489080600906e-05	
370	7.402621668006759e-05	
371	7.40107298042858e-05	
372	7.409174213535152e-05	
373	7.440547960868571e-05	
374	7.47625126678031e-05	
375	7.479446503566578e-05	
376	7.437276144628413e-05	
377	7.379151429631747e-05	
378	7.34600853320444e-05	
379	7.36330675863428e-05	
380	7.454698607034516e-05	
381	7.600077697134111e-05	
382	7.567621105408762e-05	
383	7.346813072217628e-05	
384	7.45967681723414e-05	
385	7.581132013001479e-05	
386	7.329743129957933e-05	
387	7.320208351302426e-05	
388	7.348598228418268e-05	
389	7.274022755154874e-05	
390	7.3115357736242e-05	
391	7.337683382502291e-05	
392	7.270129208336584e-05	
393	7.230217124742921e-05	
394	7.243316031235736e-05	
395	7.252943578350823e-05	
396	7.223108514153864e-05	
397	7.219309372885618e-05	
398	7.230248411360662e-05	
399	7.23650555300992e-05	
400	7.187456503743306e-05	
401	7.179147542046849e-05	
402	7.145897507143673e-05	
403	7.132618702598847e-05	
404	7.116970846254844e-05	
405	7.12163655407494e-05	
406	7.119480505934916e-05	
407	7.119319707271643e-05	
408	7.113031279004645e-05	
409	7.105290023901034e-05	
410	7.098258174664807e-05	
411	7.09000087226741e-05	
412	7.085921606631018e-05	
413	7.076740439515561e-05	
414	7.076565270836e-05	
415	7.064396777423099e-05	
416	7.064621604513377e-05	
417	7.052896580717061e-05	
418	7.052130786178168e-05	
419	7.046020982670598e-05	
420	7.042696233838797e-05	
421	7.041538992780261e-05	
422	7.035742237349041e-05	
423	7.034922964521684e-05	
424	7.031404129520524e-05	
425	7.028095569694415e-05	
426	7.026825551292859e-05	
427	7.023560829111375e-05	
428	7.021168130449951e-05	
429	7.020069097052328e-05	
430	7.017805182840675e-05	
431	7.01570461387746e-05	
432	7.015440496616066e-05	
433	7.01342178217601e-05	
434	7.012594869593158e-05	
435	7.011306661297567e-05	
436	7.011461093497928e-05	
437	7.009491127973888e-05	
438	7.009701403148938e-05	
439	7.008177999523468e-05	
440	7.008875581959728e-05	
441	7.006871783232782e-05	
442	7.007162093941588e-05	
443	7.005310544627719e-05	
444	7.00568543834379e-05	
445	7.003952305240091e-05	
446	7.003686187090352e-05	
447	7.002046913839877e-05	
448	7.001547601248603e-05	
449	7.000798177614342e-05	
450	7.000895493547432e-05	
451	7.001437006692868e-05	
452	7.002072197792586e-05	
453	7.002048005233519e-05	
454	6.999363722570706e-05	
455	6.992383532633539e-05	
456	6.980459693295415e-05	
457	6.965403372305445e-05	
458	6.950871102162637e-05	
459	6.939661943761166e-05	
460	6.93431375111686e-05	
461	6.937807302165311e-05	
462	6.958414633118082e-05	
463	7.012579408183228e-05	
464	7.103141979314387e-05	
465	7.115155676729046e-05	
466	6.936777572263964e-05	
467	6.883838977955747e-05	
468	6.959789607208222e-05	
469	6.890450094942935e-05	
470	6.862055852252524e-05	
471	6.893682439113036e-05	
472	6.862993905087933e-05	
473	6.83889193169307e-05	
474	6.845727693871595e-05	
475	6.848376688139979e-05	
476	6.841142931079958e-05	
477	6.831930477346759e-05	
478	6.828857476648409e-05	
479	6.833804036432412e-05	
480	6.860479516035412e-05	
481	6.968255183892325e-05	
482	7.300536526599899e-05	
483	7.427828313666396e-05	
484	6.852125261502806e-05	
485	7.063525845296681e-05	
486	6.84333972458262e-05	
487	6.86628081894014e-05	
488	6.826587377872784e-05	
489	6.791593477828428e-05	
490	6.822028626629617e-05	
491	6.764534555259161e-05	
492	6.774075336579699e-05	
493	6.769184801669326e-05	
494	6.770327127014752e-05	
495	6.753610614396166e-05	
496	6.751200453436468e-05	
497	6.749789827154018e-05	
498	6.758970994269475e-05	
499	6.753521302016452e-05	
500	6.715005838486832e-05	
501	6.699317236780189e-05	
502	6.661974657617975e-05	
503	6.65444131300319e-05	
504	6.65215848130174e-05	
505	6.645616849709768e-05	
506	6.645755638601258e-05	
507	6.642651715083048e-05	
508	6.63682021695422e-05	
509	6.633799239352811e-05	
510	6.628800656471867e-05	
511	6.625795322179329e-05	
512	6.622797627642285e-05	
513	6.618546831305139e-05	
514	6.615536949539091e-05	
515	6.611336175410543e-05	
516	6.608686453546397e-05	
517	6.605729322473053e-05	
518	6.603192377951927e-05	
519	6.600354026886635e-05	
520	6.596933963010088e-05	
521	6.593987745873164e-05	
522	6.590302837139461e-05	
523	6.587505959032569e-05	
524	6.584059701708611e-05	
525	6.58146309433505e-05	
526	6.578273496415932e-05	
527	6.575737461389508e-05	
528	6.57267555652652e-05	
529	6.569981906068278e-05	
530	6.567177297256421e-05	
531	6.564367777173175e-05	
532	6.561784175573848e-05	
533	6.55902540529496e-05	
534	6.556456446560333e-05	
535	6.5539314164198e-05	
536	6.551380465680268e-05	
537	6.549020599777577e-05	
538	6.546660733874887e-05	
539	6.544351253978675e-05	
540	6.542214032378979e-05	
541	6.540111917274771e-05	
542	6.53809038340114e-05	
