epoch	 loss_proj	
0	0.007038001370217119	
1	0.0037418124598584007	
2	0.00228888781774523	
3	0.0015797033556737006	
4	0.0012293540556649013	
5	0.0010273286877366314	
6	0.0008895121157235865	
7	0.0008031265377732259	
8	0.0007464301764100258	
9	0.0007028449139657564	
10	0.0006661817730803575	
11	0.000622766520661701	
12	0.0005997310851983327	
13	0.0005676272391740765	
14	0.0005565715515071393	
15	0.0005298615994563859	
16	0.0005117849744107973	
17	0.0004970746595063247	
18	0.00048195985644789677	
19	0.0004736008372024766	
20	0.0004605178692145273	
21	0.0004555919180607556	
22	0.0004494828431883694	
23	0.00043706624897562766	
24	0.0004287549485785088	
25	0.00042359650667224614	
26	0.00041955695840962496	
27	0.0004314424664439035	
28	0.0004117952984025968	
29	0.0004069221509520763	
30	0.0004055971751638156	
31	0.0004140096638626086	
32	0.00043961760145196294	
33	0.00044989849266130477	
34	0.000395429881401859	
35	0.00040125055238604546	
36	0.00039835103650278015	
37	0.0003952300399500278	
38	0.0003856644283847085	
39	0.00038196551083404174	
40	0.00037150803057426984	
41	0.0003755328419044547	
42	0.00037237357953147566	
43	0.0003671276047368467	
44	0.000364586256702231	
45	0.00035391962644228315	
46	0.00035041929783931537	
47	0.0003530825337553064	
48	0.0003495030084325533	
49	0.00033891503127441477	
50	0.0003364294612505806	
51	0.0003346191078890115	
52	0.00033074431277262714	
53	0.0003270519264333416	
54	0.0003246009203264423	
55	0.00032262680750656206	
56	0.0003203887000771439	
57	0.0003186646525656605	
58	0.0003180551523525667	
59	0.00031679666010729434	
60	0.0003134993816534656	
61	0.00031101163923657235	
62	0.00030795060904763104	
63	0.0003077688493898937	
64	0.0003166046408296097	
65	0.0003176518117210695	
66	0.00030485351505506387	
67	0.000305183636685667	
68	0.00030932414249816375	
69	0.00030233419550183626	
70	0.0002979385701889571	
71	0.00029776485722062977	
72	0.00029609218576557135	
73	0.00029600722804648934	
74	0.0003003793431811833	
75	0.00029634579134705873	
76	0.0002933868064636564	
77	0.00029259052826091647	
78	0.0002904619967531679	
79	0.00029502039615181275	
80	0.00028861786579779746	
81	0.00029563162232599486	
82	0.00029292071797369445	
83	0.00029252260875572186	
84	0.0002864408831685848	
85	0.00027857475704097724	
86	0.0002821054726414981	
87	0.0002836013762654537	
88	0.00027771390003701005	
89	0.0002804264581105339	
90	0.00027967598933693286	
91	0.0002793078768133585	
92	0.0002833348080457654	
93	0.0002862582363637297	
94	0.00028605368268992085	
95	0.0002788327297561669	
96	0.00027661918855821047	
97	0.00044032037788253674	
98	0.00044566560661353705	
99	0.0003517026302038825	
100	0.0003037090006858177	
101	0.0002840909245216088	
102	0.00027331183498193113	
103	0.000269606223030548	
104	0.0002672751943464391	
105	0.000265523291350941	
106	0.000264305679073524	
107	0.0002630113366259528	
108	0.0002620698583736417	
109	0.0002616028650663793	
110	0.00026113893129929366	
111	0.0002600685459453546	
112	0.00025870663947508935	
113	0.0002575828667821562	
114	0.0002567019011101885	
115	0.00025575601778525325	
116	0.0002550513745518401	
117	0.00025426363572478294	
118	0.00025364420019156696	
119	0.00025303203645827513	
120	0.00025255056607420556	
121	0.0002522581271477975	
122	0.00025223640061865026	
123	0.00025255075524910353	
124	0.00025303482574859766	
125	0.0002532286957180726	
126	0.00025256144518997256	
127	0.00025119373042668613	
128	0.00025007203761820814	
129	0.00024966436779193046	
130	0.00024989279544180524	
131	0.0002502657220507639	
132	0.00024998724776586253	
133	0.00024861521160346456	
134	0.00024714481280950295	
135	0.00024641863430068564	
136	0.00024654520062280687	
137	0.00024708341827915447	
138	0.00024717216313417466	
139	0.00024593093205891946	
140	0.00024419677512404244	
141	0.00024314043340772123	
142	0.00024308253133702756	
143	0.0002436840160433868	
144	0.0002441747274133377	
145	0.000243295342183306	
146	0.00024131983705696518	
147	0.00023989483815967105	
148	0.00023966078307629296	
149	0.00024041053204980147	
150	0.00024138889940721647	
151	0.00024102024222624356	
152	0.0002385298466833774	
153	0.00023661571451936782	
154	0.00023615675179046645	
155	0.00023701635551073456	
156	0.00023834488352544473	
157	0.00023894474777210104	
158	0.00023557345230074134	
159	0.00023300333642899723	
160	0.00023233203838961863	
161	0.00023349184734148106	
162	0.00023508612814891552	
163	0.0002375879770884889	
164	0.00023173621385857196	
165	0.00022874718004978995	
166	0.00022855886371481965	
167	0.0002310241844887579	
168	0.00023257041902979836	
169	0.00023240262817125767	
170	0.00022868363235569892	
171	0.00022514748291411837	
172	0.00022585877065596703	
173	0.0002301208634370206	
174	0.00023113839987282908	
175	0.0002279918462591013	
176	0.00022205717661043827	
177	0.0002201328396560192	
178	0.00022253592266809261	
179	0.00022036597692931537	
180	0.0002177896577839939	
181	0.00021519116151986445	
182	0.0002195088880918255	
183	0.00021672695532158417	
184	0.00021823172651888205	
185	0.00021336085280511594	
186	0.00022025945171273115	
187	0.00021622312306135427	
188	0.0002131414299323556	
189	0.00021245617426757235	
190	0.00022034176670006542	
191	0.00021770794566171908	
192	0.00021427743948671768	
193	0.00021298083499589535	
194	0.00021015568173814763	
195	0.00021341426171212724	
196	0.00021136534191360364	
197	0.00021249546028099888	
198	0.00021429584869890408	
199	0.0002135791595979494	
200	0.00020801202897148739	
201	0.00020690539037916875	
202	0.0002073588969194264	
203	0.00021121426470926963	
204	0.0002153125582741008	
205	0.00021488242133013306	
206	0.00023017628596530164	
207	0.00022735606190898188	
208	0.00020722054614452645	
209	0.00020742259013266967	
210	0.00020423741859433773	
211	0.0002039371712661315	
212	0.00020424442949921025	
213	0.00020453238435688296	
214	0.00020574333211698104	
215	0.00020939280745681441	
216	0.00020811008419384182	
217	0.00020470415022698165	
218	0.00020169521979239237	
219	0.00020083476348580525	
220	0.0002018829366404264	
221	0.00020496517494653484	
222	0.00020738225274336792	
223	0.00020952082741132472	
224	0.0002122969895676111	
225	0.00023161885474110022	
226	0.00022395523696364502	
227	0.00020757823066170595	
228	0.00020143978300828685	
229	0.00019958416175670988	
230	0.00019710753388478355	
231	0.000197631355019569	
232	0.00019745125817800208	
233	0.00019758816883300563	
234	0.00019803318796870632	
235	0.000198738742255955	
236	0.00020038951099974968	
237	0.00020122212325596984	
238	0.00019952388486542207	
239	0.00019619768525964382	
240	0.000195230370601556	
241	0.00019561815991307543	
242	0.00019855300888593774	
243	0.00020227195948661705	
244	0.00020098458298889454	
245	0.00020074890146913406	
246	0.00019715242940167497	
247	0.00019177066081153628	
248	0.000193293096214932	
249	0.00019596114413746233	
250	0.00020045012076609834	
251	0.0001996723759865355	
252	0.00019356013919085463	
253	0.00019195379354641773	
254	0.00019162319638001333	
255	0.00019292094215675855	
256	0.000195779635240407	
257	0.00019873200861703872	
258	0.0001977367236187482	
259	0.00019918791310504145	
260	0.00019512407379806973	
261	0.00018878238474176863	
262	0.00019009279406288573	
263	0.00019188290752936155	
264	0.00019545313755640694	
265	0.00019551375875640327	
266	0.00019216328447717906	
267	0.00018951533846640295	
268	0.0001889275704992802	
269	0.00018942300110731075	
270	0.00019176595430638242	
271	0.0001935609278526889	
272	0.00019342652220594964	
273	0.0001909793697580296	
274	0.00018964161504949776	
275	0.0001880364325188566	
276	0.0001886316032531405	
277	0.00019072429157469223	
278	0.00019200827695645524	
279	0.0001900570514408173	
280	0.00018770315312264887	
281	0.0001862600482646875	
282	0.00018701161492832137	
283	0.00018889524523858978	
284	0.00019022550519106777	
285	0.00018947876976328968	
286	0.00018761338521601698	
287	0.0001860749858419045	
288	0.00018576182654734503	
289	0.0001868781312493541	
290	0.0001881036057186845	
291	0.00018790049502318392	
292	0.00018639225007583654	
293	0.00018505472481982515	
294	0.0001847912582369255	
295	0.0001855172387357535	
296	0.00018633514576192413	
297	0.00018632605913028653	
298	0.0001853844519895834	
299	0.00018443772855139935	
300	0.00018409779321310843	
301	0.00018065351520947712	
302	0.00018006376740231644	
303	0.00017925093041932478	
304	0.0001793242707727976	
305	0.0001790263330414226	
306	0.000178877121860361	
307	0.0001788850477169035	
308	0.00017873308310559617	
309	0.00017873924350299473	
310	0.00017879503398684652	
311	0.00017886269389626768	
312	0.00017892732336934256	
313	0.0001789386845173015	
314	0.0001788323367821119	
315	0.00017856300473795272	
316	0.0001782621737740036	
317	0.00017825609912896262	
318	0.000178532810813132	
319	0.00017867650603875518	
320	0.00017859850621399737	
321	0.00017842459159770181	
322	0.00017823409221559165	
323	0.00017807056117037843	
324	0.00017799025148893373	
325	0.00017802913628526897	
326	0.0001781290850755925	
327	0.0001781466320868016	
328	0.0001780304545328753	
329	0.0001778432490807193	
330	0.00017766979544830974	
331	0.00017756856271132295	
332	0.00017753405336407013	
333	0.0001775290664746925	
334	0.00017750765618984587	
335	0.00017746352464850394	
336	0.000177409772212351	
337	0.00017738728040837617	
338	0.00017741657835098783	
339	0.00017748300680458278	
340	0.00017756869679682756	
341	0.0001776416603596382	
342	0.00017767092945827505	
343	0.00017762027891876642	
344	0.00017749016842572019	
345	0.00017732458010349155	
346	0.00017719670592798918	
347	0.00017713863962853793	
348	0.00017708120217970906	
349	0.00017690666261062558	
350	0.0001766209349755497	
351	0.00017636643289214199	
352	0.0001762404665766683	
353	0.00017618863785173744	
354	0.00017609540035274613	
355	0.0001759098782453553	
356	0.0001756971204096252	
357	0.0001755383564159274	
358	0.00017544743059261236	
359	0.00017536725057912657	
360	0.0001752401780582399	
361	0.00017505731323451203	
362	0.00017486372572810588	
363	0.00017470506697593789	
364	0.0001745946304124248	
365	0.00017449878578190692	
366	0.00017437351354081848	
367	0.000174210609007527	
368	0.00017403226982943515	
369	0.00017387124639104253	
370	0.00017374473515831466	
371	0.00017364159508101044	
372	0.00017352813041985167	
373	0.00017338221212932176	
374	0.00017320708164853777	
375	0.00017303751415706107	
376	0.00017290310409277611	
377	0.00017279301027883776	
378	0.00017268066871370787	
379	0.00017254588471717267	
380	0.00017238414121883188	
381	0.000172220303803832	
382	0.0001720823339772843	
383	0.00017197178437657255	
384	0.00017187061972176058	
385	0.00017175532489740623	
386	0.00017161392367727655	
387	0.00017145417249204393	
388	0.00017131124254124837	
389	0.00017119929647638595	
390	0.00017110471500408103	
391	0.00017100163781183904	
392	0.00017087236249478468	
393	0.00017071791340380775	
394	0.00017056222168321256	
395	0.00017043218472930936	
396	0.0001703245959236353	
397	0.00017022312749759294	
398	0.00017010365887212435	
399	0.00016995237560227646	
400	0.00016576659670265923	
401	0.00016484411389683373	
402	0.00016437072450311722	
403	0.00016423801441435768	
404	0.00016428785316488108	
405	0.0001644295443838928	
406	0.00016456835276455552	
407	0.0001645278854474392	
408	0.00016434618971418655	
409	0.00016409448393720334	
410	0.00016381176724930162	
411	0.000163576397556296	
412	0.0001634364024149753	
413	0.00016335452840264355	
414	0.00016329022063083748	
415	0.0001632656528402419	
416	0.0001632626286404307	
417	0.00016329939145569888	
418	0.00016336941163379897	
419	0.0001634825480972982	
420	0.00016364093036307686	
421	0.00016383239484899344	
422	0.00016403046122702238	
423	0.00016420483890604892	
424	0.00016431895658440356	
425	0.00016434218715793186	
426	0.0001642974977065543	
427	0.00016423436344276915	
428	0.0001641795445591145	
429	0.00016413469477681377	
430	0.00016408344215181257	
431	0.00016401118929414743	
432	0.00016391144371092587	
433	0.00016381241740808555	
434	0.0001637371338542185	
435	0.0001636824272281956	
436	0.00016362987818346092	
437	0.0001635597504251304	
438	0.00016347068127028512	
439	0.00016337650153478274	
440	0.00016329456801551196	
441	0.00016323366201374614	
442	0.00016317714523341107	
443	0.00016310380384051574	
444	0.00016301049072353635	
445	0.0001629034398190145	
446	0.00016280561612802558	
447	0.00016272488703959555	
448	0.00016265765875037426	
449	0.0001625873446755577	
450	0.00016249669559848762	
451	0.00016238456061858284	
452	0.00016227350300011625	
453	0.00016218658960756978	
454	0.00016212582288842116	
455	0.0001620725381924006	
456	0.00016200249072945944	
457	0.00016190216410905123	
458	0.00016178564146684948	
459	0.0001616821791685652	
460	0.00016160968932256634	
461	0.00016156332562137062	
462	0.0001615180951505733	
463	0.00016144212453842295	
464	0.00016132904160518331	
465	0.00016120492000482045	
466	0.00016110325850604568	
467	0.0001610477354136362	
468	0.00016101833015064976	
469	0.00016097762090794276	
470	0.00016089558994281106	
471	0.00016076268392290722	
472	0.0001606223904673243	
473	0.00016052475257311016	
474	0.00016048535482176312	
475	0.00016048161160142627	
476	0.00016046035229270013	
477	0.00016036968242717973	
478	0.0001602124934184498	
479	0.0001600507426441514	
480	0.0001599464974008567	
481	0.000159921624279897	
482	0.0001599574651273932	
483	0.0001599836694887407	
484	0.00015990513773951015	
485	0.00015970622657083107	
486	0.0001594893019500887	
487	0.00015935877127049025	
488	0.0001593479976561087	
489	0.0001594322807899776	
490	0.00015953571502385394	
491	0.00015950435044942424	
492	0.0001592599463557625	
493	0.00015894966886012947	
494	0.0001587554150838904	
495	0.0001587271017342573	
496	0.00015885134208864265	
497	0.0001590727801418065	
498	0.00015918448272194446	
499	0.0001589300588550811	
500	0.00015626658361205564	
501	0.000155873546516107	
502	0.00015574015638516618	
503	0.00015590630469627546	
504	0.00015593280685217387	
505	0.0001559864522278076	
506	0.00015627535347968142	
507	0.00015659038919173845	
508	0.00015691682658923258	
509	0.00015704576669252544	
510	0.0001569068312424601	
511	0.00015646558365135985	
512	0.00015594620422884224	
513	0.00015557165014407865	
514	0.00015539224607761883	
515	0.00015536996865453796	
516	0.00015547009232769988	
517	0.00015563469891536182	
518	0.00015579250144323202	
519	0.00015588096513446153	
520	0.00015585779094960474	
521	0.00015571253191280578	
522	0.00015549074903122216	
523	0.0001552695736920993	
524	0.0001551073837617878	
525	0.00015502461376724699	
526	0.0001550153771989114	
527	0.0001550585350612112	
528	0.00015512361668308067	
529	0.00015517670310925626	
530	0.00015519078780406353	
531	0.00015515452988828265	
532	0.00015506808605485794	
533	0.0001549457429064205	
534	0.00015481471200473607	
535	0.00015469750204439542	
536	0.00015461057098166618	
537	0.0001545581692750732	
538	0.00015453517361103359	
539	0.00015452823962342727	
540	0.0001545249316612691	
541	0.00015451356479648633	
542	0.000154486133656714	
543	0.0001544397756723421	
544	0.00015437509812597585	
545	0.00015429785967821123	
546	0.0001542156283643895	
547	0.00015413515835202167	
548	0.00015406284156987176	
549	0.00015400154760365176	
550	0.00015395125202693244	
551	0.00015390898858770794	
552	0.00015387174477967034	
553	0.00015383607751573436	
554	0.00015379813105807574	
555	0.00015375600664161278	
556	0.00015370909412532846	
557	0.00015365709779351682	
558	0.00015359987628471572	
559	0.0001535408487792925	
560	0.0001534812394571158	
561	0.00015342278961075602	
562	0.00015336642250726333	
563	0.00015331211709833172	
564	0.00015325963067880366	
565	0.00015320967889108163	
566	0.00015316170642368628	
567	0.00015311432720669212	
568	0.00015306770650827924	
569	0.0001530217822229523	
570	0.0001529755162274731	
571	0.0001529280723064273	
572	0.0001528793969295553	
573	0.0001528305383544648	
574	0.0001527811327832751	
575	0.00015273187065239263	
576	0.0001526820225470666	
577	0.00015263335262716282	
578	0.00015258428694713593	
579	0.0001525348756591224	
580	0.0001524861379168994	
581	0.0001524384668820338	
582	0.00015239085613367415	
583	0.00015234419619706126	
584	0.00015229696145979688	
585	0.00015225025630830454	
586	0.00015220401343997634	
587	0.00015215762037509454	
588	0.00015211241225188132	
589	0.00015206825368555395	
590	0.00015202296890493017	
591	0.00015197706878617673	
592	0.0001519316504397596	
593	0.00015188729048531968	
594	0.00015184255166137258	
595	0.0001517986537302412	
596	0.00015175442994015093	
597	0.00015171046808453475	
598	0.00015166657638993847	
599	0.00015162322337606123	
600	0.00015194760609509622	
601	0.00015163422826195268	
602	0.00015109490621918148	
603	0.00015114260479874377	
604	0.00015120084935915656	
605	0.0001512524500607729	
606	0.00015127585447771708	
607	0.000151372857804485	
608	0.00015149166873535641	
609	0.00015153089095422599	
610	0.00015131079453567509	
611	0.00015086648428613053	
612	0.0001503820107505557	
613	0.0001500713957024605	
614	0.00014991024688372687	
615	0.00014985741095837772	
616	0.00014984641659663924	
617	0.0001498551687940822	
618	0.0001498700381229615	
619	0.00014988012623819356	
620	0.00014988852334291941	
621	0.00014989260242665687	
622	0.00014989462293410076	
623	0.00014989683651427704	
624	0.00014989903333376527	
625	0.00014990326092499475	
626	0.0001499091666638768	
627	0.00014991705146322993	
628	0.0001499256580115928	
629	0.00014993303570268575	
630	0.0001499399357791325	
631	0.00014994445206996585	
632	0.00014994624806214624	
633	0.00014994305430653703	
634	0.00014993678515955771	
635	0.00014992594411264041	
636	0.0001499113829725372	
637	0.00014989176491196434	
638	0.00014986802450169177	
639	0.0001498411599771186	
640	0.00014981083248650457	
641	0.00014977625999433388	
642	0.00014973763258499924	
643	0.00014969495259720134	
644	0.00014964770213867138	
645	0.0001495946740500845	
646	0.00014953381923987763	
647	0.00014946588518276776	
648	0.00014938708110483795	
649	0.00014929792113045032	
650	0.00014919639124855166	
651	0.0001490860925384498	
652	0.00014897709596490522	
653	0.00014888784724982024	
654	0.00014883756544544928	
655	0.00014883550816843387	
656	0.000148865836308687	
657	0.0001488990540435355	
658	0.00014891483390653905	
659	0.00014891161442522259	
660	0.00014889285882548262	
661	0.00014886213232655012	
662	0.00014881990149920706	
663	0.00014876851296971187	
664	0.0001487097003648939	
665	0.00014864460107284167	
666	0.00014857240460384804	
667	0.00014849542666135157	
668	0.00014841556717978425	
669	0.00014833433007359936	
670	0.00014825397283857455	
671	0.0001481769503308377	
672	0.0001481053779051373	
673	0.0001480404075014771	
674	0.0001479812326579122	
675	0.00014792759520787513	
676	0.00014788033448504784	
677	0.00014783822877819018	
678	0.00014780136708785513	
679	0.00014776583676783566	
680	0.00014773527735607267	
681	0.00014770576074494914	
682	0.00014767799582062122	
683	0.00014765035978468535	
684	0.00014762444139445767	
685	0.00014759755919970172	
686	0.00014757267360567181	
687	0.00014754457931433405	
688	0.00014751871250544873	
689	0.0001474905728693037	
690	0.0001474659849398969	
691	0.0001474404630893592	
692	0.00014741683701556343	
693	0.00014739580975791405	
694	0.00014737883897656241	
695	0.00014736699098908242	
696	0.00014736298739340521	
697	0.00014736899109785945	
698	0.00014738428529069227	
699	0.00014740826775648332	
700	0.00014689750566633717	
701	0.00014733726935186757	
702	0.00014746572053679432	
703	0.00014719956470798934	
704	0.0001470548366861684	
705	0.00014715372357646368	
706	0.00014727769588976765	
707	0.00014736633888138125	
708	0.00014742182039689005	
709	0.00014747978093510028	
710	0.0001475657414370549	
711	0.00014767946413485333	
712	0.00014781113220254025	
713	0.00014795403980575169	
714	0.00014811317617256594	
715	0.0001483059168094769	
716	0.0001485582470195368	
717	0.0001489037245586847	
718	0.00014938137350587307	
719	0.0001500162681103185	
720	0.00015078096216062216	
721	0.00015159125879498397	
722	0.0001523723583107182	
723	0.00015307698114546447	
724	0.00015358447529121934	
725	0.0001536717345516081	
726	0.00015310533152452472	
727	0.00015196232847561726	
728	0.00015074344459467933	
729	0.00014985989037086256	
730	0.00014935393963761662	
731	0.00014908489239522687	
732	0.000148924863944038	
733	0.00014880752405588282	
734	0.00014870839173194587	
735	0.00014861942937776412	
736	0.00014853736904894634	
737	0.00014845882105873898	
738	0.00014838287669200717	
739	0.00014831050585988642	
740	0.00014823996934865136	
741	0.000148173269345924	
742	0.00014810954988726216	
743	0.0001480489761109181	
744	0.0001479904460990968	
745	0.00014793368934208826	
746	0.0001478785646083582	
747	0.00014782612925046124	
748	0.00014777576676091745	
749	0.000147726821264119	
750	0.000147678697950531	
751	0.00014763262476792858	
752	0.0001475887251477356	
753	0.0001475465090022356	
754	0.00014750587238917693	
755	0.00014746686948845827	
756	0.00014742975872650277	
757	0.00014739379704613903	
758	0.00014735952221859146	
759	0.000147327480720248	
760	0.00014729816224904165	
761	0.00014727001052960986	
762	0.00014724286679016326	
763	0.0001472176867797056	
764	0.00014719440696353558	
765	0.00014717287922394462	
766	0.00014715279537215662	
767	0.00014713270697289512	
768	0.00014711313542647986	
769	0.00014709560985336014	
770	0.00014707891295984155	
771	0.00014706250294693746	
772	0.00014704541289185208	
773	0.0001470294391765492	
774	0.00014701302305703784	
775	0.00014699522528514666	
776	0.00014697783509680967	
777	0.00014696036045539325	
778	0.0001469427979827742	
779	0.00014692434524476994	
780	0.0001469042673696614	
781	0.00014688332482494713	
782	0.00014686274062114535	
783	0.0001468415651158596	
784	0.0001468182937449975	
785	0.00014679415471618995	
786	0.00014676928315436401	
787	0.00014674325250650457	
788	0.00014671688300690481	
789	0.00014669030289431767	
790	0.0001466631817623108	
791	0.0001466346939196228	
792	0.00014660500879212383	
793	0.00014657553336811752	
794	0.00014654565438831924	
795	0.00014651563170835807	
796	0.00014648521911502549	
797	0.00014645480483263133	
798	0.00014642445811270072	
799	0.0001463943795637793	
800	0.0001442680139526991	
801	0.00014278683530782082	
802	0.0001426877935435706	
803	0.00014279459511661635	
804	0.00014270766223489773	
805	0.00014266403728210468	
806	0.00014271905820351094	
807	0.00014274167174984802	
808	0.00014275757816254294	
809	0.0001427726108106851	
810	0.00014279389168742846	
811	0.00014281545905500285	
812	0.00014283634014386086	
813	0.0001428589248462231	
814	0.00014288370298995038	
815	0.00014291098692150887	
816	0.00014294237930049088	
817	0.00014297869776263333	
818	0.00014302274485089583	
819	0.00014307754359573925	
820	0.00014314814533073722	
821	0.0001432416211173404	
822	0.00014336831061102982	
823	0.00014354267997467623	
824	0.00014378251151876093	
825	0.00014410755063311496	
826	0.000144526714393578	
827	0.00014501894409996957	
828	0.00014551381199063535	
829	0.00014589066618749972	
830	0.0001460406278316181	
831	0.00014593817208411304	
832	0.00014565965960043416	
833	0.00014532776081718372	
834	0.00014503737825829636	
835	0.00014482881981945996	
836	0.00014469582661799256	
837	0.00014461595570277756	
838	0.00014456583072127875	
839	0.00014452915534742976	
840	0.00014449768838988218	
841	0.00014446900110799885	
842	0.00014443977384611832	
843	0.0001444108043610218	
844	0.00014438310518016806	
845	0.0001443553014074236	
846	0.00014432828408774055	
847	0.00014430321542541997	
848	0.0001442785179668655	
849	0.00014425408582090831	
850	0.00014423015948393316	
851	0.0001442076579353722	
852	0.00014418552070440325	
853	0.00014416250918917025	
854	0.00014414013964726889	
855	0.00014411874469390438	
856	0.00014409737884437033	
857	0.00014407591502926413	
858	0.00014405473497650486	
859	0.0001440342691369421	
860	0.00014401359580265956	
861	0.0001439921262707295	
862	0.00014397181036786475	
863	0.00014395231028174749	
864	0.00014393176375701193	
865	0.00014391177059483847	
866	0.00014389234768584304	
867	0.00014387262854143046	
868	0.0001438524858323425	
869	0.00014383330082117545	
870	0.0001438138525762562	
871	0.00014379421034910983	
872	0.00014377598524463662	
873	0.00014375641668656108	
874	0.00014373727091359406	
875	0.00014371907621222948	
876	0.00014370069090676094	
877	0.0001436824815235533	
878	0.00014366406295656425	
879	0.0001436458069292712	
880	0.00014362766017127017	
881	0.00014360913623282352	
882	0.00014359075014778812	
883	0.00014357240044254077	
884	0.00014355493541578262	
885	0.00014353685673995642	
886	0.00014351893020960103	
887	0.00014350064702739473	
888	0.00014348337286459615	
889	0.0001434653699366858	
890	0.00014344705791050468	
891	0.00014342994628740207	
892	0.00014341227064765656	
893	0.00014339415871030984	
894	0.00014337689351253045	
895	0.00014335891514097706	
896	0.00014334102979773888	
897	0.0001433234126255099	
898	0.00014330578518898359	
899	0.00014328777719388848	
900	0.00014204603784102282	
901	0.00014116888970810187	
902	0.00014107246559953119	
903	0.00014097911376406306	
904	0.00014095590904616984	
905	0.00014098344685667792	
906	0.00014099622070976432	
907	0.00014099412107628138	
908	0.00014099248450552944	
909	0.00014100151292950613	
910	0.00014101306909911467	
911	0.00014102435735756963	
912	0.00014103507601248566	
913	0.00014104725115820265	
914	0.00014106047716008367	
915	0.00014107418584379566	
916	0.00014108856352582473	
917	0.00014110323770312659	
918	0.0001411181814806436	
919	0.0001411332268617116	
920	0.00014114838618947294	
921	0.00014116347379708065	
922	0.0001411784518755407	
923	0.00014119289997844526	
924	0.00014120744968490077	
925	0.00014122158050408222	
926	0.00014123502842267044	
927	0.00014124823688429648	
928	0.0001412607777768114	
929	0.00014127281389976685	
930	0.0001412839475441225	
931	0.0001412942601746181	
932	0.00014130390666520855	
933	0.00014131335423631493	
934	0.00014132088524222906	
935	0.00014132743607271031	
936	0.0001413334799248592	
937	0.00014133821046665877	
938	0.00014134132301738385	
939	0.0001413435326997257	
940	0.00014134425795678647	
941	0.00014134344824664628	
942	0.000141340961428276	
943	0.0001413371731229875	
944	0.00014133231486214624	
945	0.00014132615420489207	
946	0.00014131841349548528	
947	0.0001413093306317543	
948	0.00014129869681970116	
949	0.0001412873040992833	
950	0.00014127526251935966	
951	0.00014126238134589845	
952	0.00014124864134958313	
953	0.0001412342102672223	
954	0.00014121860333813987	
955	0.0001412026860115085	
956	0.00014118651246722687	
957	0.00014116991198014666	
958	0.00014115324886785987	
959	0.0001411360804663023	
960	0.00014111831166831377	
961	0.00014110038124012396	
962	0.00014108269611564798	
963	0.00014106498786402102	
964	0.00014104647769792273	
965	0.00014102838628917067	
966	0.00014100964030408898	
967	0.00014099097318519074	
968	0.00014097219874591765	
969	0.00014095302919616058	
970	0.00014093432309891796	
971	0.00014091486030208346	
972	0.00014089560409047408	
973	0.00014087689630416987	
974	0.00014085804546734186	
975	0.00014083838959777495	
976	0.00014081869981704846	
977	0.00014079959886917744	
978	0.00014078037215118196	
979	0.00014076046941876745	
980	0.00014074112823436735	
981	0.00014072210693224667	
982	0.00014070243378228042	
983	0.00014068253182943278	
984	0.00014066349896373658	
985	0.00014064393443342333	
986	0.00014062382329679428	
987	0.0001406045503244968	
988	0.0001405850829801888	
989	0.00014056574855203507	
990	0.000140545914161651	
991	0.00014052632741368143	
992	0.0001405062559050358	
993	0.00014048611774342135	
994	0.000140467010039304	
995	0.00014044757530687742	
996	0.00014042796140399463	
997	0.00014040828760438932	
998	0.0001403883679813589	
999	0.00014036927301016737	
1000	0.00013933698547979084	
1001	0.0001390271937842564	
1002	0.00013927221529489283	
1003	0.00013929142265364395	
1004	0.00013946302962202544	
1005	0.00013968737909765747	
1006	0.00013992649110150523	
1007	0.00014017241574038053	
1008	0.00014039981799994296	
1009	0.0001405803081330045	
1010	0.000140687568741019	
1011	0.00014070652352009865	
1012	0.0001406437126466439	
1013	0.00014052394622662438	
1014	0.00014038235674109143	
1015	0.00014024843143748252	
1016	0.00014013844988117592	
1017	0.00014005528893384117	
1018	0.00013999421116750455	
1019	0.00013994812914981076	
1020	0.00013991097992922214	
1021	0.00013987931769016932	
1022	0.00013985091144214884	
1023	0.00013982513974042377	
1024	0.00013980180808305574	
1025	0.00013978028450115483	
1026	0.00013976079558882963	
1027	0.00013974279227113584	
1028	0.00013972660014717673	
1029	0.00013971150487382796	
1030	0.00013969778878423052	
1031	0.00013968502701443088	
1032	0.0001396729985572165	
1033	0.00013966201160136343	
1034	0.00013965158190590695	
1035	0.00013964180158966753	
1036	0.000139632604909171	
1037	0.0001396241667472558	
1038	0.00013961599818555572	
1039	0.00013960835128403102	
1040	0.00013960117641025654	
1041	0.00013959406689017278	
1042	0.00013958737365880682	
1043	0.00013958112127251558	
1044	0.00013957487824102697	
1045	0.0001395691536215184	
1046	0.00013956334649784758	
1047	0.00013955790174285148	
1048	0.0001395525570322726	
1049	0.0001395469071212574	
1050	0.00013954111221080114	
1051	0.00013953540305270247	
1052	0.00013953010680519843	
1053	0.0001395242136693144	
1054	0.00013951749757065305	
1055	0.00013951075977404668	
1056	0.00013950398312902377	
1057	0.00013949635922472226	
1058	0.0001394881485664103	
1059	0.00013947970884536126	
1060	0.00013947042745192966	
1061	0.00013946081747105512	
1062	0.00013945093217314155	
1063	0.0001394403151217765	
1064	0.00013942902153628114	
1065	0.00013941807277920555	
1066	0.00013940678750909034	
1067	0.00013939513961044474	
1068	0.00013938310348748928	
1069	0.0001393706310669326	
1070	0.00013935837757474343	
1071	0.00013934607990709731	
1072	0.00013933339297571884	
1073	0.000139320573907753	
1074	0.0001393077974561103	
1075	0.00013929526877680992	
1076	0.00013928372469048815	
1077	0.00013927088249537128	
1078	0.0001392577423757757	
1079	0.00013924537025949185	
1080	0.00013923362127700654	
1081	0.00013922122564378827	
1082	0.0001392086915075197	
1083	0.00013919604758224783	
1084	0.00013918345160033953	
1085	0.00013917086640243985	
1086	0.0001391588100107453	
1087	0.00013914717042747986	
1088	0.0001391347221734967	
1089	0.00013912225118214598	
1090	0.00013910979993982307	
1091	0.00013909747277856304	
1092	0.0001390853499937553	
1093	0.0001390738316331408	
1094	0.00013906154435971985	
1095	0.0001390484932406772	
1096	0.00013903591336981793	
1097	0.00013902440254501665	
1098	0.0001390131973104352	
1099	0.00013900128137070818	
1100	0.00013806664914487295	
1101	0.00013762874758478056	
1102	0.00013757325801374724	
1103	0.0001375551516632965	
1104	0.00013761203133201758	
1105	0.00013756585277795757	
1106	0.0001375451712582227	
1107	0.0001375471944941507	
1108	0.00013754535224766836	
1109	0.000137544276445364	
1110	0.00013754321428548013	
1111	0.00013754316959031193	
1112	0.0001375440497213276	
1113	0.00013754501144701083	
1114	0.00013754649600221974	
1115	0.00013754845856185836	
1116	0.00013755044892604928	
1117	0.00013755308061393277	
1118	0.0001375555956266388	
1119	0.00013755844039613812	
1120	0.00013756146537551622	
1121	0.00013756493197953596	
1122	0.00013756819433703122	
1123	0.00013757172915315356	
1124	0.00013757554032573744	
1125	0.00013757908371709554	
1126	0.0001375829860990052	
1127	0.00013758689601672813	
1128	0.00013759094417764572	
1129	0.00013759482538132164	
1130	0.00013759911429847956	
1131	0.0001376031736331892	
1132	0.0001376072646702856	
1133	0.0001376113281626853	
1134	0.00013761518584942678	
1135	0.00013761902794483052	
1136	0.00013762271737505216	
1137	0.00013762660806345854	
1138	0.00013763033972021991	
1139	0.00013763366015544825	
1140	0.00013763682441744355	
1141	0.00013764013835628117	
1142	0.00013764247354889188	
1143	0.00013764418794640472	
1144	0.0001376462994033188	
1145	0.0001376475854288271	
1146	0.0001376481842661243	
1147	0.00013764832393852494	
1148	0.0001376477490079456	
1149	0.00013764665397632468	
1150	0.00013764489150552045	
1151	0.0001376423076310727	
1152	0.0001376395110647926	
1153	0.0001376359510426742	
1154	0.00013763144605556072	
1155	0.0001376263262500288	
1156	0.00013762079210469632	
1157	0.00013761514920978307	
1158	0.0001376091646047176	
1159	0.00013760284309682902	
1160	0.0001375959250903439	
1161	0.0001375884213692708	
1162	0.00013758128326506785	
1163	0.00013757337364950217	
1164	0.00013756566906002781	
1165	0.00013755812155328125	
1166	0.00013754996364566199	
1167	0.00013754119754594285	
1168	0.00013753289035126466	
1169	0.00013752447388729446	
1170	0.00013751576417624683	
1171	0.00013750713761900052	
1172	0.00013749814271639998	
1173	0.0001374887646566744	
1174	0.00013747965983514274	
1175	0.00013747049485703298	
1176	0.00013746125750913052	
1177	0.00013745219595356111	
1178	0.00013744252763509785	
1179	0.0001374331814076868	
1180	0.0001374239517255254	
1181	0.00013741424832655217	
1182	0.0001374044408553995	
1183	0.00013739532447029239	
1184	0.00013738576931895556	
1185	0.00013737581853742346	
1186	0.0001373661586642681	
1187	0.00013735635340188828	
1188	0.00013734663830941178	
1189	0.00013733672949456377	
1190	0.00013732684198787735	
1191	0.00013731707882210946	
1192	0.00013730715363635682	
1193	0.00013729738982094984	
1194	0.00013728717216768667	
1195	0.00013727717435228572	
1196	0.00013726716692222647	
1197	0.0001372571966515222	
1198	0.00013724730706599075	
1199	0.00013723730704181695	
1200	0.0001364070798704883	
1201	0.00013610710110307473	
1202	0.0001361229317678538	
1203	0.00013611160699968292	
1204	0.00013610852498199426	
1205	0.0001360562738617383	
1206	0.00013604754167317878	
1207	0.0001360385723663577	
1208	0.00013602838420670845	
1209	0.0001360215267465849	
1210	0.00013601682478890455	
1211	0.00013601242296447578	
1212	0.0001360084535398138	
1213	0.0001360053024005278	
1214	0.00013600323420957596	
1215	0.00013600124241617908	
1216	0.0001359997904728516	
1217	0.00013599838426411485	
1218	0.00013599741344348461	
1219	0.00013599698922917014	
1220	0.00013599641689714708	
1221	0.00013599628839853852	
1222	0.00013599601282164388	
1223	0.00013599612416978095	
1224	0.00013599623356900077	
1225	0.0001359964562652749	
1226	0.00013599677653733773	
1227	0.00013599692127692315	
1228	0.00013599742604648263	
1229	0.00013599785181993087	
1230	0.0001359980612635679	
1231	0.00013599849223412872	
1232	0.00013599881770330415	
1233	0.0001359989495800359	
1234	0.00013599910523355772	
1235	0.00013599933728463448	
1236	0.00013599975201421849	
1237	0.0001359997869648006	
1238	0.00013599968341233243	
1239	0.0001359995028126702	
1240	0.0001359994508415444	
1241	0.00013599901168553124	
1242	0.00013599862281158233	
1243	0.00013599831631186783	
1244	0.00013599731612755152	
1245	0.0001359962981431246	
1246	0.0001359954358122195	
1247	0.00013599447343689723	
1248	0.00013599286493055324	
1249	0.0001359911202598596	
1250	0.00013598946264080171	
1251	0.00013598737807894525	
1252	0.00013598530391131395	
1253	0.00013598258543165036	
1254	0.00013597958202028946	
1255	0.00013597656249787957	
1256	0.00013597315527087112	
1257	0.00013596942647252166	
1258	0.00013596541300233054	
1259	0.00013596088995525082	
1260	0.00013595669822409815	
1261	0.0001359517800665344	
1262	0.0001359463179012112	
1263	0.00013594092966481445	
1264	0.00013593540227572833	
1265	0.00013592953382612905	
1266	0.0001359229892321829	
1267	0.0001359167077420612	
1268	0.00013591051057509112	
1269	0.00013590343795450672	
1270	0.00013589641704519245	
1271	0.0001358891375795273	
1272	0.00013588189280458858	
1273	0.00013587437557102282	
1274	0.00013586683663951199	
1275	0.00013585942425769254	
1276	0.00013585135379149245	
1277	0.00013584354941745654	
1278	0.00013583564863698224	
1279	0.00013582782659276354	
1280	0.00013581935594889468	
1281	0.00013581118504849395	
1282	0.00013580297322083164	
1283	0.00013579457975408462	
1284	0.00013578624930232763	
1285	0.0001357777012214813	
1286	0.00013576922732941706	
1287	0.00013576077305645282	
1288	0.0001357524262337912	
1289	0.0001357437838253515	
1290	0.00013573493872952116	
1291	0.00013572618081525434	
1292	0.00013571768457560602	
1293	0.0001357089195153094	
1294	0.00013570047849498224	
1295	0.0001356917140843247	
1296	0.0001356827358124844	
1297	0.00013567416356506458	
1298	0.00013566522764969186	
1299	0.00013565633396085884	
1300	0.0001348907383414501	
1301	0.00013474513369666447	
1302	0.0001348335170925046	
1303	0.00013487074452963758	
1304	0.00013487064175673628	
1305	0.0001349090465997246	
1306	0.00013499077691189347	
1307	0.00013506710079777155	
1308	0.00013506108929764845	
1309	0.00013489264282335562	
1310	0.00013470958232833903	
1311	0.0001346394491130403	
1312	0.00013463563352291073	
1313	0.00013464522765259192	
1314	0.0001346478699945562	
1315	0.00013464279709296534	
1316	0.00013463575890325177	
1317	0.00013462970972406247	
1318	0.0001346241998752313	
1319	0.0001346185385305684	
1320	0.0001346127924729704	
1321	0.0001346068997268698	
1322	0.00013460109663096124	
1323	0.00013459526689985069	
1324	0.00013458934504991963	
1325	0.00013458353844596007	
1326	0.0001345777817342813	
1327	0.0001345718549470933	
1328	0.0001345659802609589	
1329	0.00013456004593795763	
1330	0.00013455438043560468	
1331	0.000134548571103161	
1332	0.0001345426955075319	
1333	0.00013453702363871604	
1334	0.00013453123002753791	
1335	0.00013452556868287502	
1336	0.00013451969308724592	
1337	0.00013451402680532607	
1338	0.00013450828581491287	
1339	0.000134502551580746	
1340	0.00013449702730992743	
1341	0.00013449138285588042	
1342	0.0001344857248893407	
1343	0.00013447998922596786	
1344	0.00013447439778246917	
1345	0.00013446865692198377	
1346	0.00013446293568059836	
1347	0.0001344574410333215	
1348	0.0001344518163283023	
1349	0.0001344462204672579	
1350	0.00013444068710149231	
1351	0.00013443489219103606	
1352	0.0001344294196314877	
1353	0.00013442378141397576	
1354	0.00013441810902544863	
1355	0.000134412577088889	
1356	0.0001344069783694327	
1357	0.0001344012045072824	
1358	0.000134395696217585	
1359	0.00013439001044649297	
1360	0.00013438449085307575	
1361	0.0001343788436705446	
1362	0.00013437308916763868	
1363	0.000134367335184444	
1364	0.00013436174828841883	
1365	0.00013435623830965987	
1366	0.00013435066778453932	
1367	0.00013434468889629767	
1368	0.0001343390375560765	
1369	0.00013433332488992683	
1370	0.00013432744773516397	
1371	0.00013432169933886534	
1372	0.00013431611582096333	
1373	0.0001343103523530382	
1374	0.0001343045722543528	
1375	0.0001342990004299541	
1376	0.00013429308819468133	
1377	0.0001342872515773966	
1378	0.00013428122266694636	
1379	0.00013427532810185636	
1380	0.00013426953423082262	
1381	0.00013426368020321076	
1382	0.00013425786671307703	
1383	0.00013425201333510422	
1384	0.00013424614930305064	
1385	0.00013424005477905406	
1386	0.00013423412604294884	
1387	0.00013422814507586217	
1388	0.00013422218515708146	
1389	0.00013421631982574972	
1390	0.0001342103723800392	
1391	0.0001342041007644314	
1392	0.00013419798324321164	
1393	0.00013419206126335275	
1394	0.00013418588761331712	
1395	0.00013417989079503708	
1396	0.0001341738345997458	
1397	0.0001341678562312154	
1398	0.00013416156720528046	
1399	0.00013415529299111637	
1400	0.0001336619595479403	
1401	0.00013366244937580113	
1402	0.00013378192241881543	
1403	0.0001338285092060687	
1404	0.00013386692951046695	
1405	0.000133868847634793	
1406	0.00013387053370804227	
1407	0.00013386656194467963	
1408	0.00013386224405361906	
1409	0.00013385738722198376	
1410	0.00013385206628819496	
1411	0.00013384566760318454	
1412	0.00013383850364334648	
1413	0.00013383042720046693	
1414	0.00013382148933617697	
1415	0.00013381199382170701	
1416	0.00013380185477477165	
1417	0.0001337910394535616	
1418	0.00013377991256545232	
1419	0.0001337684639760742	
1420	0.0001337567311046379	
1421	0.000133744691083848	
1422	0.0001337325740158641	
1423	0.00013372043836820273	
1424	0.00013370848189099758	
1425	0.00013369633857759515	
1426	0.00013368442380721848	
1427	0.0001336725081273471	
1428	0.00013366106642414316	
1429	0.00013364939150051214	
1430	0.00013363815508325518	
1431	0.00013362699571319223	
1432	0.00013361593404884582	
1433	0.00013360532492307748	
1434	0.00013359478686782365	
1435	0.00013358463028063334	
1436	0.00013357432557573441	
1437	0.00013356469480640953	
1438	0.00013355489058345223	
1439	0.00013354539727775512	
1440	0.00013353612939681625	
1441	0.0001335269735136535	
1442	0.00013351793469545164	
1443	0.00013350928942860004	
1444	0.0001335003988580346	
1445	0.00013349205177551733	
1446	0.00013348361426324118	
1447	0.00013347550897638679	
1448	0.00013346743279336288	
1449	0.00013345938363532435	
1450	0.00013345155496478713	
1451	0.00013344396899940745	
1452	0.00013343631495185297	
1453	0.00013342873912084281	
1454	0.000133421521760673	
1455	0.00013341410483138003	
1456	0.00013340697868053603	
1457	0.00013339996699609661	
1458	0.0001333929098369221	
1459	0.0001333859338826317	
1460	0.00013337912202717104	
1461	0.0001333723559063011	
1462	0.00013336567878598413	
1463	0.00013335905870397774	
1464	0.00013335249669970444	
1465	0.00013334618831452514	
1466	0.00013333966346960681	
1467	0.0001333332746591103	
1468	0.00013332688636832505	
1469	0.00013332085771773045	
1470	0.00013331449944027035	
1471	0.00013330844480411282	
1472	0.00013330239146723346	
1473	0.00013329636086772162	
1474	0.00013329040328764158	
1475	0.00013328435852599796	
1476	0.00013327854646507018	
1477	0.0001332726617744941	
1478	0.00013326687894732459	
1479	0.00013326099815458292	
1480	0.00013325532875439552	
1481	0.00013324965428702335	
1482	0.00013324394305007963	
1483	0.00013323826312573926	
1484	0.00013323273651622003	
1485	0.00013322715208882334	
1486	0.0001332216094981829	
1487	0.0001332160472884425	
1488	0.0001332104379149054	
1489	0.00013320492014047756	
1490	0.00013319949851263248	
1491	0.00013319399931788212	
1492	0.00013318861264061916	
1493	0.000133183242204333	
1494	0.00013317786202346075	
1495	0.00013317251250555273	
1496	0.00013316705150957984	
1497	0.0001331617998273162	
1498	0.0001331563655964731	
1499	0.00013315119031176437	
1500	0.00013288265355575795	
1501	0.00013299745556391178	
1502	0.0001332322062808089	
1503	0.0001334468693780114	
1504	0.00013369504085858352	
1505	0.00013385409822928653	
1506	0.000133738573042917	
1507	0.00013341653682021257	
1508	0.0001331263622757563	
1509	0.00013295597857774868	
1510	0.00013288929442621469	
1511	0.00013288536475946394	
1512	0.00013290106185844967	
1513	0.00013291756762815306	
1514	0.00013293765927560993	
1515	0.00013296708558690234	
1516	0.0001330083333804006	
1517	0.00013306287798643877	
1518	0.00013313154470649482	
1519	0.00013321541038229561	
1520	0.0001333147930771312	
1521	0.00013342903353727058	
1522	0.00013355511600821046	
1523	0.0001336873677116403	
1524	0.00013381764659113417	
1525	0.00013393637878574997	
1526	0.0001340342391163826	
1527	0.00013410389692580793	
1528	0.00013414256838067167	
1529	0.00013415128627717162	
1530	0.00013413506349024829	
1531	0.0001341012352245993	
1532	0.00013405777255164658	
1533	0.00013401148888598463	
1534	0.00013396742776551816	
1535	0.00013392792126459035	
1536	0.00013389391239927915	
1537	0.00013386558605686462	
1538	0.000133841435854265	
1539	0.00013382120999137572	
1540	0.0001338038113577308	
1541	0.0001337883324075457	
1542	0.0001337745907221688	
1543	0.00013376207984297901	
1544	0.0001337505256222877	
1545	0.00013373964858536574	
1546	0.00013372955683215487	
1547	0.00013371976014501082	
1548	0.0001337104829092693	
1549	0.0001337015180199939	
1550	0.00013369286677646284	
1551	0.00013368434520089068	
1552	0.0001336762044437429	
1553	0.0001336681676288468	
1554	0.00013366015394110166	
1555	0.00013365224497517505	
1556	0.00013364430352729478	
1557	0.00013363629256803376	
1558	0.00013362829758989392	
1559	0.00013362056883384606	
1560	0.00013361273379684593	
1561	0.00013360477844668952	
1562	0.00013359680828476224	
1563	0.0001335886819496019	
1564	0.0001335806566982813	
1565	0.00013357261455634477	
1566	0.0001335644540501692	
1567	0.0001335561593285612	
1568	0.00013354760851923077	
1569	0.00013353917685370625	
1570	0.00013353055952133479	
1571	0.00013352193933055138	
1572	0.00013351318362505741	
1573	0.00013350435386070915	
1574	0.00013349554098697678	
1575	0.00013348654777343784	
1576	0.00013347741917511615	
1577	0.00013346839711760237	
1578	0.0001334593563504833	
1579	0.00013344988786099878	
1580	0.0001334405001866149	
1581	0.0001334309229475496	
1582	0.000133421859443063	
1583	0.00013341249437611883	
1584	0.00013340294468175022	
1585	0.00013339334093741075	
1586	0.00013338373745292692	
1587	0.00013337408784406892	
1588	0.00013336453490150494	
1589	0.00013335478979570325	
1590	0.000133345123556085	
1591	0.00013333562648248126	
1592	0.00013332591671704513	
1593	0.00013331635039191627	
1594	0.00013330655162592717	
1595	0.000133296668147003	
1596	0.00013328715132437146	
1597	0.00013327759357447837	
1598	0.00013326807883069186	
1599	0.00013325843078096762	
1600	0.0001328218989198961	
1601	0.0001325426510447869	
1602	0.00013256419658448846	
1603	0.00013255830292889317	
1604	0.00013254897346217019	
1605	0.00013252827427225254	
1606	0.00013253393561691546	
1607	0.00013253891847853083	
1608	0.00013253989566562398	
1609	0.00013254196385657581	
1610	0.00013254293181879411	
1611	0.0001325433856566503	
1612	0.0001325437751802383	
1613	0.00013254441195645735	
1614	0.00013254517580207903	
1615	0.00013254569785203785	
1616	0.0001325462523839503	
1617	0.00013254693008743094	
1618	0.00013254737002301096	
1619	0.000132547783323389	
1620	0.00013254848675257693	
1621	0.0001325487599907709	
1622	0.00013254931439275554	
1623	0.00013254971223172367	
1624	0.00013255008122671695	
1625	0.00013255038395852483	
1626	0.00013255052103236916	
1627	0.00013255070864813336	
1628	0.0001325508253233108	
1629	0.0001325508045348605	
1630	0.00013255096304679422	
1631	0.00013255105464590348	
1632	0.00013255084104457637	
1633	0.00013255063160093932	
1634	0.00013255046022615197	
1635	0.00013255032224281291	
1636	0.00013254978862927861	
1637	0.00013254938416399194	
1638	0.0001325488055954338	
1639	0.00013254817557546112	
1640	0.0001325474980019083	
1641	0.0001325467331168641	
1642	0.00013254588208967886	
1643	0.00013254484682485263	
1644	0.00013254361822743834	
1645	0.00013254249980881077	
1646	0.00013254132292266668	
1647	0.0001325398825429147	
1648	0.00013253833588221044	
1649	0.00013253696059629356	
1650	0.00013253521722487806	
1651	0.00013253346553808245	
1652	0.0001325314329473518	
1653	0.0001325295285953741	
1654	0.00013252734619787328	
1655	0.0001325251586032599	
1656	0.00013252293735734253	
1657	0.00013252044677106563	
1658	0.00013251818589716486	
1659	0.00013251569284225946	
1660	0.00013251273984289064	
1661	0.00013251006501897273	
1662	0.00013250725779861177	
1663	0.00013250431025621116	
1664	0.00013250138064384892	
1665	0.0001324984259554185	
1666	0.00013249518256738417	
1667	0.00013249174506719491	
1668	0.00013248838344484933	
1669	0.00013248525283415802	
1670	0.0001324819881379621	
1671	0.00013247840589818743	
1672	0.0001324747727267095	
1673	0.00013247116541086662	
1674	0.00013246758330101978	
1675	0.0001324636780606982	
1676	0.0001324597201996117	
1677	0.00013245606818860063	
1678	0.00013245248010207433	
1679	0.00013244853471405804	
1680	0.0001324447426408629	
1681	0.0001324406378314182	
1682	0.00013243663332624628	
1683	0.00013243275667004388	
1684	0.00013242884922094942	
1685	0.00013242466528546565	
1686	0.00013242046393965472	
1687	0.00013241646333231723	
1688	0.00013241241608089434	
1689	0.00013240843301381183	
1690	0.00013240443747365913	
1691	0.00013240015895072638	
1692	0.00013239569956827575	
1693	0.00013239150679770058	
1694	0.00013238719007599035	
1695	0.0001323831297018582	
1696	0.00013237910349874125	
1697	0.00013237483601967272	
1698	0.00013237040898924794	
1699	0.00013236613878169528	
1700	0.0001320188070427061	
1701	0.00013193553305817268	
1702	0.00013205081878758	
1703	0.0001320453360936621	
1704	0.00013201661736924767	
1705	0.00013200996298629825	
1706	0.00013202057795881826	
1707	0.00013201926217984043	
1708	0.00013202077531916854	
1709	0.00013202177628305174	
1710	0.00013202153656623392	
1711	0.00013202169793657959	
1712	0.00013202171560676237	
1713	0.0001320219892347398	
1714	0.000132021887501261	
1715	0.00013202218087826623	
1716	0.00013202202613423912	
1717	0.0001320219866361835	
1718	0.00013202192634967754	
1719	0.00013202190400209344	
1720	0.00013202177108593917	
1721	0.00013202160568783126	
1722	0.0001320215667094869	
1723	0.00013202130620421876	
1724	0.00013202115860622143	
1725	0.00013202087484387448	
1726	0.00013202062616203745	
1727	0.00013202046310263022	
1728	0.00013202007708709322	
1729	0.00013201997275505813	
1730	0.00013201940626978676	
1731	0.00013201895516041468	
1732	0.00013201877014320677	
1733	0.00013201842596442605	
1734	0.00013201774579231693	
1735	0.00013201730000998526	
1736	0.00013201673677290922	
1737	0.00013201599696393323	
1738	0.0001320154979111976	
1739	0.00013201491752365006	
1740	0.0001320141887585383	
1741	0.0001320133968485087	
1742	0.00013201254335269499	
1743	0.0001320117500134594	
1744	0.00013201088716284306	
1745	0.00013200997493965718	
1746	0.00013200894643107728	
1747	0.0001320077991684749	
1748	0.0001320066668475712	
1749	0.00013200566250556482	
1750	0.00013200443351836708	
1751	0.00013200324636792566	
1752	0.00013200189200038688	
1753	0.0001320003711953177	
1754	0.00013199925017813387	
1755	0.00013199755500993758	
1756	0.00013199605083562865	
1757	0.00013199467892783496	
1758	0.00013199296790844528	
1759	0.00013199119101565366	
1760	0.0001319895632799931	
1761	0.00013198781510124848	
1762	0.00013198603392083896	
1763	0.00013198415373543476	
1764	0.0001319820459164995	
1765	0.00013198039583325487	
1766	0.00013197836843963678	
1767	0.00013197618864069227	
1768	0.00013197409043641528	
1769	0.00013197213320381707	
1770	0.0001319699592516242	
1771	0.00013196776295184724	
1772	0.00013196532173813985	
1773	0.00013196316337728473	
1774	0.00013196067980710983	
1775	0.0001319582300181667	
1776	0.00013195590340079173	
1777	0.00013195367708768963	
1778	0.00013195135124988155	
1779	0.0001319486053554491	
1780	0.00013194621975084634	
1781	0.00013194377827728334	
1782	0.00013194103056386148	
1783	0.0001319384830692018	
1784	0.00013193577290491833	
1785	0.00013193322969787654	
1786	0.00013193058111937717	
1787	0.00013192777935598445	
1788	0.00013192514338048307	
1789	0.0001319223956670612	
1790	0.00013191965626901947	
1791	0.00013191694844343665	
1792	0.00013191411900541944	
1793	0.00013191123941526582	
1794	0.00013190848351639164	
1795	0.0001319056816230711	
1796	0.00013190279748544396	
1797	0.0001319000041673592	
1798	0.00013189719694699825	
1799	0.00013189447236072738	
1800	0.00013163781763328837	
1801	0.00013166705256091	
1802	0.00013176296800208678	
1803	0.00013175163621781394	
1804	0.0001317205823007888	
1805	0.00013172894029724245	
1806	0.0001317303500140302	
1807	0.0001317281534543976	
1808	0.0001317278843738937	
1809	0.0001317266796831973	
1810	0.00013172573380870745	
1811	0.00013172455315465674	
1812	0.00013172312264941866	
1813	0.00013172180284267858	
1814	0.00013172036662061664	
1815	0.00013171874525141902	
1816	0.00013171718325923263	
1817	0.0001317153116490642	
1818	0.00013171347550918914	
1819	0.00013171175162694584	
1820	0.00013170994900844692	
1821	0.0001317079149885103	
1822	0.0001317058843466969	
1823	0.00013170376639339208	
1824	0.00013170165545618926	
1825	0.00013169956790599308	
1826	0.00013169733873447903	
1827	0.00013169499457684912	
1828	0.00013169292417712443	
1829	0.000131690468281574	
1830	0.00013168806916447856	
1831	0.00013168576827281089	
1832	0.00013168343736781805	
1833	0.00013168088233734515	
1834	0.00013167855481047548	
1835	0.00013167591532692313	
1836	0.0001316736896634601	
1837	0.00013167093155581306	
1838	0.00013166843291401165	
1839	0.00013166601144933208	
1840	0.00013166332298299364	
1841	0.00013166062659105852	
1842	0.0001316580680525346	
1843	0.0001316554513063498	
1844	0.00013165285054128617	
1845	0.00013165019793502455	
1846	0.00013164741163304176	
1847	0.00013164473784854636	
1848	0.0001316418418874881	
1849	0.00013163908079150133	
1850	0.00013163641779101454	
1851	0.00013163345816532716	
1852	0.00013163077892386355	
1853	0.0001316280638223231	
1854	0.00013162517825549003	
1855	0.00013162225423002383	
1856	0.00013161953172259797	
1857	0.0001316166768187291	
1858	0.0001316138232141384	
1859	0.00013161090516535166	
1860	0.00013160799556187288	
1861	0.00013160491159526697	
1862	0.00013160217076801928	
1863	0.0001315992846814749	
1864	0.00013159637403857362	
1865	0.00013159340219967168	
1866	0.0001315904703785366	
1867	0.00013158752439526973	
1868	0.0001315846392182201	
1869	0.00013158155161363538	
1870	0.0001315786143355321	
1871	0.00013157566770262617	
1872	0.00013157264376267058	
1873	0.00013156963268556865	
1874	0.00013156659614261507	
1875	0.00013156361274013761	
1876	0.0001315606859861873	
1877	0.00013155771765533636	
1878	0.00013155448777979473	
1879	0.00013155143954333783	
1880	0.00013154840676829087	
1881	0.00013154551665398425	
1882	0.00013154232029981877	
1883	0.00013153943174464594	
1884	0.00013153641858869896	
1885	0.00013153329772259376	
1886	0.00013153011293200376	
1887	0.00013152717552397268	
1888	0.0001315241819871257	
1889	0.00013152114960186218	
1890	0.00013151810188511654	
1891	0.00013151496997514705	
1892	0.00013151202633058086	
1893	0.00013150905384203985	
1894	0.0001315056844240254	
1895	0.0001315027809271539	
1896	0.00013149984637753472	
1897	0.00013149680008999503	
1898	0.0001314937031306077	
1899	0.00013149068737610442	
1900	0.00013118678894638184	
1901	0.00013117482428372438	
1902	0.00013119367680961398	
1903	0.00013116525003299882	
1904	0.00013116268941562988	
1905	0.00013115738966007484	
1906	0.00013115231000223763	
1907	0.00013115029261306127	
1908	0.00013114850142821006	
1909	0.00013114690175695744	
1910	0.00013114595549268415	
1911	0.00013114521919175916	
1912	0.00013114435673092624	
1913	0.0001311436512228933	
1914	0.00013114276498527033	
1915	0.00013114219824014332	
1916	0.00013114137137953158	
1917	0.00013114055868105164	
1918	0.00013113993035014055	
1919	0.0001311392822702016	
1920	0.00013113837264557202	
1921	0.0001311376780514755	
1922	0.00013113701308092068	
1923	0.00013113640255012018	
1924	0.0001311356645601336	
1925	0.00013113501998824567	
1926	0.00013113419299770612	
1927	0.00013113347384725266	
1928	0.00013113278938752565	
1929	0.0001311320202148636	
1930	0.00013113139760077632	
1931	0.00013113066493783014	
1932	0.00013112989576516805	
1933	0.00013112922066024372	
1934	0.0001311284815009068	
1935	0.00013112765256145003	
1936	0.0001311269460139946	
1937	0.00013112611733439344	
1938	0.0001311253858407976	
1939	0.00013112448479140376	
1940	0.00013112372081585427	
1941	0.00013112304103352862	
1942	0.00013112223587086191	
1943	0.00013112127024734427	
1944	0.00013112059423292521	
1945	0.0001311196442007453	
1946	0.00013111867597867137	
1947	0.00013111774621523052	
1948	0.00013111685439071152	
1949	0.00013111597348012895	
1950	0.00013111498680830534	
1951	0.00013111406393103868	
1952	0.00013111316158236668	
1953	0.0001311121984274775	
1954	0.00013111112106603935	
1955	0.00013111004669294095	
1956	0.00013110899830540542	
1957	0.00013110808465301358	
1958	0.0001311068907463258	
1959	0.00013110591290959355	
1960	0.00013110488881855936	
1961	0.00013110363215673715	
1962	0.00013110253101850894	
1963	0.00013110140532392376	
1964	0.00013110025130507502	
1965	0.00013109906935174616	
1966	0.00013109773863106966	
1967	0.00013109655096091695	
1968	0.00013109535926300202	
1969	0.0001310941135151162	
1970	0.00013109261765618742	
1971	0.00013109150651351747	
1972	0.0001310902181493085	
1973	0.00013108880115656314	
1974	0.00013108738572295157	
1975	0.00013108610164636048	
1976	0.00013108473844373032	
1977	0.00013108332210062405	
1978	0.00013108191563203166	
1979	0.00013108048382751543	
1980	0.00013107909944665153	
1981	0.00013107771792419953	
1982	0.00013107609330680653	
1983	0.000131074578348489	
1984	0.00013107312536573903	
1985	0.00013107153556900033	
1986	0.0001310699260232338	
1987	0.0001310684926595838	
1988	0.00013106682087839414	
1989	0.00013106530319159253	
1990	0.00013106371339485383	
1991	0.000131062127885733	
1992	0.00013106038750265725	
1993	0.00013105874690414306	
1994	0.00013105718192361695	
1995	0.00013105542685869814	
1996	0.00013105359045896745	
1997	0.00013105186748621885	
1998	0.00013105031848681392	
1999	0.00013104851015149116	
2000	0.00013090165105365616	
