 # Basis set for element : H 
 NewGTO H 
 S 3 
   1      13.0107010000      0.0334854848
   2       1.9622572000      0.2347218709
   3       0.4445379600      0.8137702853
 S 1 
   1       0.1219496200      1.0000000000
 P 1 
   1       0.8000000000      1.0000000000
  end;

 # Basis set for element : He
 NewGTO He
 S 3 
   1      38.3549367370      0.0401838903
   2       5.7689081479      0.2613913445
   3       1.2399407035      0.7930391578
 S 1 
   1       0.2975781595      1.0000000000
 P 1 
   1       1.0000000000      1.0000000000
  end;

 # Basis set for element : Li
 NewGTO Li
 S 5 
   1     266.2778551600      0.0063542865
   2      40.0697834470      0.0467348893
   3       9.0559944389      0.1983879235
   4       2.4503009051      0.4757538335
   5       0.7220957185      0.4270142894
 S 1 
   1       0.0528108847      1.0000000000
 S 1 
   1       0.0209609488      1.0000000000
 P 2 
   1       1.4500000000      0.2249123272
   2       0.3000000000      0.8697305770
 P 1 
   1       0.0820000000      1.0000000000
  end;

 # Basis set for element : Be
 NewGTO Be
 S 5 
   1     515.1861612500      0.0058376354
   2      77.5110375950      0.0432349672
   3      17.5524816930      0.1880269565
   4       4.8028940596      0.4695769042
   5       1.4516214316      0.4409516610
 S 1 
   1       0.1328163362      1.0000000000
 S 1 
   1       0.0458373722      1.0000000000
 P 3 
   1       3.6316917145     -0.0454619687
   2       0.7169569437     -0.2642765433
   3       0.1954193286     -0.8048842009
 P 1 
   1       0.0605154659      1.0000000000
  end;

 # Basis set for element : B 
 NewGTO B 
 S 5 
   1     839.3183008600     -0.0056288836
   2     126.2646484300     -0.0418327946
   3      28.6206007630     -0.1841748812
   4       7.8793722710     -0.4683965503
   5       2.4088857172     -0.4445793088
 S 1 
   1       0.2510510904      1.0000000000
 S 1 
   1       0.0836488661      1.0000000000
 P 3 
   1       6.0332223619     -0.0540325004
   2       1.2499157866     -0.3019403439
   3       0.3387167635     -0.7717079166
 P 1 
   1       0.0964156324      1.0000000000
 D 1 
   1       0.5000000000      1.0000000000
  end;

 # Basis set for element : C 
 NewGTO C 
 S 5 
   1    1238.4016938000      0.0055173650
   2     186.2900499200      0.0410888285
   3      42.2511763460      0.1822538213
   4      11.6765579320      0.4682845944
   5       3.5930506482      0.4457581734
 S 1 
   1       0.4024514736      1.0000000000
 S 1 
   1       0.1309018267      1.0000000000
 P 3 
   1       9.4680970621      0.0568883320
   2       2.0103545142      0.3129405934
   3       0.5477100471      0.7606501651
 P 1 
   1       0.1526861379      1.0000000000
 D 1 
   1       0.8000000000      1.0000000000
  end;

 # Basis set for element : N 
 NewGTO N 
 S 5 
   1    1712.8415853000     -0.0054477995
   2     257.6481267700     -0.0406271746
   3      58.4582458530     -0.1811196225
   4      16.1983679050     -0.4684397556
   5       5.0052600809     -0.4461684629
 S 1 
   1       0.5873185657      1.0000000000
 S 1 
   1       0.1876459225      1.0000000000
 P 3 
   1      13.5714702330     -0.0588481170
   2       2.9257372874     -0.3202462476
   3       0.7992775075     -0.7532822652
 P 1 
   1       0.2195434803      1.0000000000
 D 1 
   1       1.0000000000      1.0000000000
  end;

 # Basis set for element : O 
 NewGTO O 
 S 5 
   1    2266.1767785000     -0.0053893504
   2     340.8701019100     -0.0402347214
   3      77.3631351670     -0.1800818421
   4      21.4796449400     -0.4682885766
   5       6.6589433124     -0.4469261716
 S 1 
   1       0.8097597567      1.0000000000
 S 1 
   1       0.2553077223      1.0000000000
 P 3 
   1      17.7215043170      0.0626302488
   2       3.8635505440      0.3333113849
   3       1.0480920883      0.7414863830
 P 1 
   1       0.2764154441      1.0000000000
 D 1 
   1       1.2000000000      1.0000000000
  end;

 # Basis set for element : F 
 NewGTO F 
 S 5 
   1    2894.8325990000     -0.0053493212
   2     435.4193912000     -0.0399677344
   3      98.8433288660     -0.1794126179
   4      27.4851980010     -0.4683246868
   5       8.5405498171     -0.4472416053
 S 1 
   1       1.0654578038      1.0000000000
 S 1 
   1       0.3324734675      1.0000000000
 P 3 
   1      22.6966339240     -0.0647821482
   2       4.9872339257     -0.3403578536
   3       1.3491613954     -0.7348581537
 P 1 
   1       0.3482988198      1.0000000000
 D 1 
   1       1.4000000000      1.0000000000
  end;

 # Basis set for element : Ne
 NewGTO Ne
 S 5 
   1    3598.9736625000     -0.0053202489
   2     541.3207311200     -0.0397749477
   3     122.9045006200     -0.1789525027
   4      34.2166170220     -0.4684356506
   5      10.6505841240     -0.4473477136
 S 1 
   1       1.3545953960      1.0000000000
 S 1 
   1       0.4191936264      1.0000000000
 P 3 
   1      28.4240537850     -0.0661177828
   2       6.2822510953     -0.3446250365
   3       1.6978715079     -0.7306937993
 P 1 
   1       0.4330070017      1.0000000000
 D 1 
   1       1.8880000000      1.0000000000
  end;

 # Basis set for element : Na
 NewGTO Na
 S 5 
   1    4098.2003908000     -0.0058297344
   2     616.4937403100     -0.0434692744
   3     139.9664400100     -0.1935227137
   4      39.0734410510     -0.4848664581
   5      11.9298472050     -0.4171101287
 S 3 
   1      20.6599660300      0.0857687068
   2       1.9838860978     -0.5624046937
   3       0.6483632394     -0.5184461021
 S 1 
   1       0.0524439674      1.0000000000
 S 1 
   1       0.0280481607      1.0000000000
 P 5 
   1      75.4018620170      0.0154353625
   2      17.2748189780      0.0997382932
   3       5.1842347425      0.3120959397
   4       1.6601211973      0.4929567481
   5       0.5123252896      0.3242039832
 P 1 
   1       0.0520000000      1.0000000000
 D 1 
   1       0.1310000000      1.0000000000
  end;

 # Basis set for element : Mg
 NewGTO Mg
 S 5 
   1    4953.8339196000     -0.0057303482
   2     745.1804415400     -0.0427698711
   3     169.2160497200     -0.1910965155
   4      47.3006720190     -0.4824115033
   5      14.4613369730     -0.4220072668
 S 3 
   1      24.7681747890      0.0871156057
   2       2.4940945349     -0.5463736932
   3       0.8780758453     -0.5293207578
 S 1 
   1       0.0872127825      1.0000000000
 S 1 
   1       0.0335992938      1.0000000000
 P 5 
   1      98.0530104940     -0.0144805646
   2      22.5869322770     -0.0954957508
   3       6.8391509842     -0.3078767265
   4       2.2332843818     -0.4993629289
   5       0.7160659939     -0.3150347621
 P 1 
   1       0.1891479619      1.0000000000
 P 1 
   1       0.0537687552      1.0000000000
 D 1 
   1       0.1010000000      1.0000000000
  end;

 # Basis set for element : Al
 NewGTO Al
 S 5 
   1    5887.5727030000      0.0056519790
   2     885.6122599600      0.0422182534
   3     201.1360489900      0.1891871969
   4      56.2849746740      0.4804359118
   5      17.2295512430      0.4258726842
 S 3 
   1      29.3402499220      0.0885686032
   2       3.0439630420     -0.5431570667
   3       1.1285539518     -0.5293855103
 S 1 
   1       0.1423417516      1.0000000000
 S 1 
   1       0.0544001923      1.0000000000
 P 5 
   1     145.1191880900      0.0107263778
   2      33.7178948330      0.0741036236
   3      10.3698630830      0.2612962130
   4       3.5135616036      0.4802012353
   5       1.1980050273      0.3843822407
 P 1 
   1       0.2658300591      1.0000000000
 P 1 
   1       0.0710033620      1.0000000000
 D 1 
   1       0.3000000000      1.0000000000
  end;

 # Basis set for element : Si
 NewGTO Si
 S 5 
   1    6903.7118686000      0.0055844659
   2    1038.4346419000      0.0417422843
   3     235.8758148000      0.1875280237
   4      66.0693851690      0.4786785966
   5      20.2479457610      0.4292569522
 S 3 
   1      34.3534817300      0.0898348995
   2       3.6370788192     -0.5456859588
   3       1.4002048599     -0.5248108293
 S 1 
   1       0.2048441481      1.0000000000
 S 1 
   1       0.0779940955      1.0000000000
 P 5 
   1     179.8390737300      0.0101334983
   2      41.9072588460      0.0710290411
   3      12.9552943670      0.2558391422
   4       4.4383267393      0.4814980472
   5       1.5462247904      0.3852119600
 P 1 
   1       0.3560761230      1.0000000000
 P 1 
   1       0.1000851376      1.0000000000
 D 1 
   1       0.3500000000      1.0000000000
  end;

 # Basis set for element : P 
 NewGTO P 
 S 5 
   1    8002.4795106000      0.0055255553
   2    1203.6813590000      0.0413263672
   3     273.4422703100      0.1860700590
   4      76.6555415170      0.4771070068
   5      23.5169274350      0.4322476888
 S 3 
   1      39.7916834390      0.0909541455
   2       4.2770343323     -0.5508556562
   3       1.6940256888     -0.5182699790
 S 1 
   1       0.2756767464      1.0000000000
 S 1 
   1       0.1049559010      1.0000000000
 P 5 
   1     219.5075582300      0.0095739101
   2      51.2741550300      0.0679938519
   3      15.9215958920      0.2498320975
   4       5.5069913481      0.4814817905
   5       1.9537719426      0.3886979854
 P 1 
   1       0.4780339793      1.0000000000
 P 1 
   1       0.1365795262      1.0000000000
 D 1 
   1       0.4500000000      1.0000000000
  end;

 # Basis set for element : S 
 NewGTO S 
 S 5 
   1    9184.9303010000     -0.0054729467
   2    1381.5105503000     -0.0409544021
   3     313.8714758000     -0.1847582895
   4      88.0538706230     -0.4756728065
   5      27.0399149050     -0.4349515358
 S 3 
   1      45.6487313030     -0.0919040458
   2       4.9664522326      0.5569877722
   3       2.0116242047      0.5111546830
 S 1 
   1       0.3566107701      1.0000000000
 S 1 
   1       0.1350722148      1.0000000000
 P 5 
   1     261.9823343900     -0.0091830547
   2      61.3068947360     -0.0659022265
   3      19.1037298870     -0.2458778452
   4       6.6567720378     -0.4823147108
   5       2.3959635161     -0.3895631435
 P 1 
   1       0.6177616168      1.0000000000
 P 1 
   1       0.1699337687      1.0000000000
 D 1 
   1       0.5500000000      1.0000000000
  end;

 # Basis set for element : Cl
 NewGTO Cl
 S 5 
   1   10449.8275660000      0.0054265952
   2    1571.7365221000      0.0406263782
   3     357.1206552300      0.1835974786
   4     100.2518593500      0.4743894876
   5      30.8127275540      0.4373518111
 S 3 
   1      51.9237894340     -0.0927541549
   2       5.7045760975      0.5638082555
   3       2.3508376809      0.5036704463
 S 1 
   1       0.4460512467      1.0000000000
 S 1 
   1       0.1684885619      1.0000000000
 P 5 
   1     307.6679056900     -0.0088797025
   2      72.1020155150     -0.0642840717
   3      22.5326802620     -0.2428873974
   4       7.8991765444     -0.4834083637
   5       2.8767268321     -0.3895256388
 P 1 
   1       0.7745936396      1.0000000000
 P 1 
   1       0.2103769970      1.0000000000
 D 1 
   1       0.6500000000      1.0000000000
  end;

 # Basis set for element : Ar
 NewGTO Ar
 S 5 
   1   11797.1197650000      0.0053854901
   2    1774.3522753000      0.0403352084
   3     403.1887573300      0.1825636205
   4     113.2493399900      0.4732354171
   5      34.8352981930      0.4394954008
 S 3 
   1      58.6147750420     -0.0935150414
   2       6.4922045078      0.5707913018
   3       2.7117014403      0.4962407501
 S 1 
   1       0.5441297454      1.0000000000
 S 1 
   1       0.2051741114      1.0000000000
 P 5 
   1     356.2870725600     -0.0086480178
   2      83.5931328660     -0.0630665684
   3      26.1867040290     -0.2407758945
   4       9.2257275925     -0.4848423251
   5       3.3922754954     -0.3885110027
 P 1 
   1       0.9474053401      1.0000000000
 P 1 
   1       0.2565913506      1.0000000000
 D 1 
   1       0.6960000000      1.0000000000
  end;

 # Basis set for element : K 
 NewGTO K 
 S 6 
   1   31478.7467640000      0.0018201332
   2    4726.8876066000      0.0139355274
   3    1075.4345353000      0.0688683847
   4     303.3981102300      0.2371778546
   5      98.3271128310      0.4736415681
   6      33.6362221770      0.3490486622
 S 3 
   1      65.6392099620     -0.1015021671
   2       7.3162592218      0.6079120216
   3       2.8902580135      0.4659657727
 S 3 
   1       4.5459748965     -0.2024826437
   2       0.7040412406      0.6799248682
   3       0.2826688896      0.4404564020
 S 1 
   1       0.0290581640      1.0000000000
 S 1 
   1       0.0121116382      1.0000000000
 P 5 
   1     361.2249215400      0.0101984498
   2      84.6702221660      0.0733848197
   3      26.4690882360      0.2704437499
   4       9.2658077615      0.5077648979
   5       3.3423388293      0.3308607396
 P 3 
   1       1.5100876104      0.3044477135
   2       0.5656837516      0.5546375672
   3       0.2081700850      0.2672230464
 P 1 
   1       0.0417370000      1.0000000000
 D 1 
   1       0.3530000000      1.0000000000
 D 1 
   1       0.0980000000      1.0000000000
  end;

 # Basis set for element : Ca
 NewGTO Ca
 S 6 
   1   35138.7139290000      0.0018047933
   2    5276.4111348000      0.0138204345
   3    1200.4692589000      0.0683474707
   4     338.7181054200      0.2358576401
   5     109.8538592200      0.4726313852
   6      37.6088802990      0.3516924986
 S 3 
   1      73.1079775550     -0.1025313111
   2       8.2407705688      0.6092024071
   3       3.2959812993      0.4643988025
 S 3 
   1       5.2341800914     -0.2053015732
   2       0.8418722052      0.6779154799
   3       0.3651029403      0.4410090161
 S 1 
   1       0.0512224029      1.0000000000
 S 1 
   1       0.0198251114      1.0000000000
 P 5 
   1     413.1131389300      0.0098844657
   2      96.9357862240      0.0716288395
   3      30.3721546590      0.2668995477
   4      10.6847768300      0.5076974308
   5       3.8821258350      0.3338409779
 P 3 
   1       1.7993016295      0.3166044431
   2       0.6918905653      0.5629795762
   3       0.2636402410      0.2367576709
 P 1 
   1       0.0749790000      1.0000000000
 D 3 
   1       5.4979093879      0.1160047572
   2       1.3177128032      0.4096861106
   3       0.3218868265      0.7113107487
 D 1 
   1       0.0705286149      1.0000000000
  end;

 # Basis set for element : Sc
 NewGTO Sc
 S 6 
   1   38956.0818040000      0.0017937624
   2    5849.5733637000      0.0137377662
   3    1330.8813154000      0.0679755863
   4     375.5553416500      0.2349380559
   5     121.8726137000      0.4719236136
   6      41.7602437290      0.3535046511
 S 3 
   1      81.0606339530     -0.1035372843
   2       9.2059823972      0.6131682830
   3       3.7063215732      0.4604841753
 S 3 
   1       5.9888909988     -0.2093330294
   2       0.9736343238      0.6859206060
   3       0.4204101922      0.4355395701
 S 1 
   1       0.0594405519      1.0000000000
 S 1 
   1       0.0228978063      1.0000000000
 P 5 
   1     466.3148126200      0.0096929816
   2     109.5121709700      0.0706254008
   3      34.3759218270      0.2652505181
   4      12.1420969550      0.5082630384
   5       4.4336767669      0.3341607615
 P 3 
   1       2.0971291866      0.3223855226
   2       0.8097760696      0.5618234537
   3       0.3083404659      0.2315481458
 D 4 
   1      19.2403349280      0.0332220243
   2       5.1178995899      0.1696013008
   3       1.6554278827      0.4284249114
   4       0.5401635561      0.5970606592
 D 1 
   1       0.1621121452      1.0000000000
 P 1 
   1       0.0897480000      1.0000000000
 F 1 
   1       0.3450000000      1.0000000000
  end;

 # Basis set for element : Ti
 NewGTO Ti
 S 6 
   1   42961.5121850000      0.0017843194
   2    6450.9759169000      0.0136669983
   3    1467.7210915000      0.0676575314
   4     414.2099735500      0.2341566447
   5     134.4871584000      0.4713188805
   6      46.1222097960      0.3550350536
 S 3 
   1      89.4477625430     -0.1044368727
   2      10.2233460600      0.6171120255
   3       4.1353774271      0.4566653753
 S 3 
   1       6.7896181452     -0.2119281659
   2       1.1106730691      0.6891853847
   3       0.4756597558      0.4341600935
 S 1 
   1       0.0659869569      1.0000000000
 S 1 
   1       0.0252103423      1.0000000000
 P 5 
   1     522.0368478200      0.0095451019
   2     122.6864948900      0.0698731331
   3      38.5729036110      0.2641573726
   4      13.6721693190      0.5088829375
   5       5.0118529359      0.3339412674
 P 3 
   1       2.4131928282      0.3256483090
   2       0.9325227005      0.5600313294
   3       0.3542905839      0.2304293499
 D 4 
   1      23.4651259570      0.0323085755
   2       6.3332593832      0.1679745966
   3       2.0766489946      0.4299385324
   4       0.6902736195      0.5922885026
 D 1 
   1       0.2108873855      1.0000000000
 P 1 
   1       0.1015610000      1.0000000000
 F 1 
   1       0.5620000000      1.0000000000
  end;

 # Basis set for element : V 
 NewGTO V 
 S 6 
   1   47160.3760600000      0.0017759114
   2    7081.4110871000      0.0136040197
   3    1611.1621223000      0.0673748907
   4     454.7294055100      0.2334646932
   5     147.7132120800      0.4707818430
   6      50.6995389500      0.3563847264
 S 3 
   1      98.2624926690     -0.1052444496
   2      11.2942930990      0.6207469767
   3       4.5853360105      0.4531842731
 S 3 
   1       7.6359689588     -0.2137594401
   2       1.2539836689      0.6910652546
   3       0.5327193539      0.4337130598
 S 1 
   1       0.0722462396      1.0000000000
 S 1 
   1       0.0273580874      1.0000000000
 P 5 
   1     580.5504498800      0.0094221712
   2     136.5234112700      0.0692574455
   3      42.9839588200      0.2633314331
   4      15.2827987630      0.5094636552
   5       5.6202495154      0.3335737539
 P 3 
   1       2.7485386415      0.3278644619
   2       1.0618550073      0.5584803245
   3       0.4023551865      0.2303080691
 D 4 
   1      27.3584340170      0.0322399615
   2       7.4540604253      0.1693602386
   3       2.4633917847      0.4326312478
   4       0.8248092528      0.5867678683
 D 1 
   1       0.2525790474      1.0000000000
 P 1 
   1       0.1112480000      1.0000000000
 F 1 
   1       0.8310000000      1.0000000000
  end;

 # Basis set for element : Cr
 NewGTO Cr
 S 6 
   1   51528.0863490000      0.0017695546
   2    7737.2103487000      0.0135564363
   3    1760.3748470000      0.0671626458
   4     496.8770654400      0.2329590592
   5     161.4652059800      0.4704057698
   6      55.4663522680      0.3573307261
 S 3 
   1     107.5473299900     -0.1060525545
   2      12.4086718970      0.6254398148
   3       5.0423628826      0.4487882079
 S 3 
   1       8.5461640165     -0.2181901209
   2       1.3900441221      0.7042252567
   3       0.5606660288      0.4248855541
 S 1 
   1       0.0714837060      1.0000000000
 S 1 
   1       0.0282506876      1.0000000000
 P 5 
   1     640.4853609600      0.0093555064
   2     150.6971119400      0.0689933385
   3      47.5037552960      0.2634118959
   4      16.9341201650      0.5103450165
   5       6.2409680590      0.3319551295
 P 3 
   1       3.0885463206      0.3291768267
   2       1.1791047769      0.5549138519
   3       0.4336977443      0.2381841286
 D 4 
   1      27.5594794260      0.0369501403
   2       7.4687020327      0.1882151978
   3       2.4345903574      0.4464124424
   4       0.7824475481      0.5681617303
 D 1 
   1       0.2199577431      1.0000000000
 P 1 
   1       0.1206750000      1.0000000000
 F 1 
   1       1.1470000000      1.0000000000
  end;

 # Basis set for element : Mn
 NewGTO Mn
 S 6 
   1   56137.0090370000      0.0017616484
   2    8429.2063943000      0.0134971658
   3    1917.8277233000      0.0668952910
   4     541.3623019800      0.2322941794
   5     176.0006914200      0.4698698060
   6      60.5004770100      0.3586543301
 S 3 
   1     117.1728288200     -0.1066308926
   2      13.5969733680      0.6271370170
   3       5.5483996341      0.4471435971
 S 3 
   1       9.4662853530     -0.2159336767
   2       1.5595006070      0.6927412901
   3       0.6523020587      0.4340015631
 S 1 
   1       0.0840037345      1.0000000000
 S 1 
   1       0.0312560986      1.0000000000
 P 5 
   1     706.0049753500      0.0092299611
   2     166.1972882000      0.0683164598
   3      52.4520619060      0.2622259565
   4      18.7469328620      0.5105007762
   5       6.9282991622      0.3326091972
 P 3 
   1       3.4772204938      0.3303598562
   2       1.3406906449      0.5559160477
   3       0.5049880304      0.2317548551
 D 4 
   1      35.4232649350      0.0323841735
   2       9.7814221451      0.1726111437
   3       3.2673488767      0.4370519088
   4       1.1026472189      0.5778643202
 D 1 
   1       0.3374320593      1.0000000000
 P 1 
   1       0.1276500000      1.0000000000
 F 1 
   1       1.3260000000      1.0000000000
  end;

 # Basis set for element : Fe
 NewGTO Fe
 S 6 
   1   60923.6406430000      0.0017552243
   2    9147.8893982000      0.0134490232
   3    2081.3505927000      0.0666788746
   4     587.5597706700      0.2317634855
   5     191.0904399000      0.4694555025
   6      65.7327301120      0.3596824938
 S 3 
   1     127.2589192800     -0.1072343184
   2      14.8309130100      0.6297161633
   3       6.0653307408      0.4447231790
 S 3 
   1      10.4499437100     -0.2169428919
   2       1.7245228003      0.6945786741
   3       0.7177217732      0.4329830889
 S 1 
   1       0.0914498283      1.0000000000
 S 1 
   1       0.0337066910      1.0000000000
 P 5 
   1     773.4375099500      0.0091440530
   2     182.1514971400      0.0678875772
   3      57.5472727580      0.2616797888
   4      20.6149889350      0.5108804011
   5       7.6348557890      0.3323547557
 P 3 
   1       3.8719327990      0.3319385910
   2       1.4924724132      0.5553666556
   3       0.5606128496      0.2310603420
 D 4 
   1      38.9681334190      0.0333359386
   2      10.8000670780      0.1776621250
   3       3.6136457999      0.4412817817
   4       1.2129967888      0.5708920049
 D 1 
   1       0.3652439317      1.0000000000
 P 1 
   1       0.1349150000      1.0000000000
 F 1 
   1       1.5980000000      1.0000000000
  end;

 # Basis set for element : Co
 NewGTO Co
 S 6 
   1   65902.2082570000      0.0017494516
   2    9895.3896027000      0.0134057689
   3    2251.4305789000      0.0664845710
   4     635.6109708400      0.2312887476
   5     206.7882068100      0.4690840976
   6      71.1792429710      0.3605982273
 S 3 
   1     137.7726804000     -0.1077839620
   2      16.1180792430      0.6321322132
   3       6.6030327710      0.4424720692
 S 3 
   1      11.4799157880     -0.2176147197
   2       1.8956426324      0.6957034756
   3       0.7846623207      0.4324952083
 S 1 
   1       0.0984257744      1.0000000000
 S 1 
   1       0.0359457419      1.0000000000
 P 5 
   1     843.6435857500      0.0090707775
   2     198.7638699400      0.0675289426
   3      62.8549630980      0.2612735145
   4      22.5628422800      0.5112469445
   5       8.3713209127      0.3320101531
 P 3 
   1       4.2858719800      0.3329714645
   2       1.6508041817      0.5547573299
   3       0.6183423110      0.2311071335
 D 4 
   1      42.9278676120      0.0339051667
   2      11.9425330530      0.1809878013
   3       4.0046495664      0.4440614141
   4       1.3413193804      0.5659214932
 D 1 
   1       0.4001500974      1.0000000000
 P 1 
   1       0.1413080000      1.0000000000
 F 1 
   1       1.9030000000      1.0000000000
  end;

 # Basis set for element : Ni
 NewGTO Ni
 S 6 
   1   71074.8032110000      0.0017441749
   2   10672.0209410000      0.0133662269
   3    2428.1389007000      0.0663069690
   4     685.5359514800      0.2308555751
   5     223.1007286300      0.4687448911
   6      76.8420140420      0.3614311448
 S 3 
   1     148.7112201600     -0.1082879847
   2      17.4591549870      0.6343394087
   3       7.1625280665      0.4404278618
 S 3 
   1      12.5561371250     -0.2181128066
   2       2.0735740488      0.6965708340
   3       0.8538264060      0.4321535407
 S 1 
   1       0.1053676627      1.0000000000
 S 1 
   1       0.0381340877      1.0000000000
 P 5 
   1     916.7360866200      0.0090059785
   2     216.0613991300      0.0672148698
   3      68.3839148170      0.2609420623
   4      24.5938439520      0.5115838005
   5       9.1392960204      0.3316556001
 P 3 
   1       4.7193371746      0.3337806502
   2       1.8161849234      0.5542117721
   3       0.6784075072      0.2313295076
 D 4 
   1      47.0938321080      0.0343722516
   2      13.1464639750      0.1837665017
   3       4.4170548925      0.4463186655
   4       1.4771565078      0.5617373523
 D 1 
   1       0.4373592179      1.0000000000
 P 1 
   1       0.1465880000      1.0000000000
 F 1 
   1       2.1740000000      1.0000000000
  end;

 # Basis set for element : Cu
 NewGTO Cu
 S 6 
   1   76381.3480560000      0.0017411331
   2   11468.7774990000      0.0133435321
   3    2609.4246495000      0.0662074481
   4     736.7503309800      0.2306372575
   5     239.8241995800      0.4685822623
   6      82.6568292520      0.3618103005
 S 3 
   1     160.1354419600     -0.1088222611
   2      18.8341776950      0.6379833109
   3       7.7176595741      0.4370797136
 S 3 
   1      13.7108467170     -0.2218488933
   2       2.2349895670      0.7126082935
   3       0.8781836007      0.4197507843
 S 1 
   1       0.0871874581      1.0000000000
 S 1 
   1       0.0329691147      1.0000000000
 P 5 
   1     991.2407578200      0.0089731212
   2     233.6937611600      0.0671066792
   3      74.0209309270      0.2611644630
   4      26.6649674470      0.5121374487
   5       9.9192087478      0.3304833410
 P 3 
   1       5.1519553926      0.3351091891
   2       1.9638205828      0.5527203012
   3       0.7156009704      0.2357337167
 D 4 
   1      47.3350495900      0.0383846832
   2      13.1616660770      0.1993031660
   3       4.3693777244      0.4561944830
   4       1.4132925109      0.5471325983
 D 1 
   1       0.3887800145      1.0000000000
 P 1 
   1       0.1550650000      1.0000000000
 F 1 
   1       2.2330000000      1.0000000000
  end;

 # Basis set for element : Zn
 NewGTO Zn
 S 6 
   1   82000.7116290000      0.0017349108
   2   12312.4717770000      0.0132968081
   3    2801.3944193000      0.0659953256
   4     790.9942430200      0.2300978946
   5     257.5655107900      0.4681510636
   6      88.8149334000      0.3628807834
 S 3 
   1     171.8635371600     -0.1091785902
   2      20.3025347850      0.6382442545
   3       8.3464123068      0.4368400112
 S 3 
   1      14.8475369400     -0.2186922003
   2       2.4495029507      0.6976597242
   3       0.9984582182      0.4318545832
 S 1 
   1       0.1189130794      1.0000000000
 S 1 
   1       0.0422974288      1.0000000000
 P 5 
   1    1071.5185372000      0.0088976312
   2     252.6971215200      0.0666989536
   3      80.1008291260      0.2604685613
   4      28.9033931720      0.5121880453
   5      10.7688998790      0.3309123005
 P 3 
   1       5.6446212530      0.3348353777
   2       2.1678291347      0.5532306747
   3       0.8054089834      0.2322792857
 D 4 
   1      56.0889391910      0.0350320923
   2      15.7519089170      0.1879251903
   3       5.3115812367      0.4496240662
   4       1.7737904917      0.5552657856
 D 1 
   1       0.5197558367      1.0000000000
 P 1 
   1       0.1624550000      1.0000000000
 F 1 
   1       2.6140000000      1.0000000000
  end;

 # Basis set for element : Ga
 NewGTO Ga
 S 6 
   1   87842.1262960000      0.0017286021
   2   13189.4964020000      0.0132493975
   3    3000.9482141000      0.0657791293
   4     847.3842596600      0.2295388098
   5     276.0098064200      0.4677145076
   6      95.2166720710      0.3639844539
 S 3 
   1     184.0070396800     -0.1095329926
   2      21.8270514330      0.6383381809
   3       9.0026963761      0.4367587859
 S 3 
   1      16.0331769380     -0.2177956221
   2       2.6707724878      0.6903319845
   3       1.1252834170      0.4373550292
 S 1 
   1       0.1596760883      1.0000000000
 S 1 
   1       0.0576430448      1.0000000000
 P 5 
   1    1167.2665844000      0.0086781405
   2     275.3806278900      0.0653014070
   3      87.3750730700      0.2568155681
   4      31.5972546700      0.5104194035
   5      11.8241227980      0.3365319679
 P 3 
   1       6.2881845133      0.3184039877
   2       2.5199853240      0.5335648663
   3       1.0169726306      0.2600436387
 P 1 
   1       0.2474837360      1.0000000000
 P 1 
   1       0.0666852942      1.0000000000
 D 4 
   1      65.3542376740      0.0323991227
   2      18.5046567470      0.1787383155
   3       6.3179620632      0.4437286310
   4       2.1641389426      0.5624018076
 D 1 
   1       0.6669309275      1.0000000000
 D 1 
   1       0.2070000000      1.0000000000
  end;

 # Basis set for element : Ge
 NewGTO Ge
 S 6 
   1   93889.8366420000      0.0017225948
   2   14097.4975280000      0.0132042377
   3    3207.5477309000      0.0655730849
   4     905.7672726900      0.2290038461
   5     295.1101469300      0.4672924177
   6     101.8471314100      0.3650451415
 S 3 
   1     196.5671966200     -0.1098648780
   2      23.4052925220      0.6384725260
   3       9.6839116702      0.4366317678
 S 3 
   1      17.2697365440     -0.2175744044
   2       2.8964622160      0.6899021337
   3       1.2553621412      0.4364940802
 S 1 
   1       0.2021308149      1.0000000000
 S 1 
   1       0.0738679110      1.0000000000
 P 5 
   1    1259.2085995000      0.0085634777
   2     297.1562638200      0.0646064254
   3      94.3533875220      0.2551863909
   4      34.1763296770      0.5099160422
   5      12.8161396150      0.3386175866
 P 3 
   1       6.8471029784      0.3184791353
   2       2.7717363939      0.5336940297
   3       1.1458418175      0.2559668745
 P 1 
   1       0.3067963154      1.0000000000
 P 1 
   1       0.0892836441      1.0000000000
 D 4 
   1      74.7821681770      0.0304599870
   2      21.3108497590      0.1719186338
   3       7.3464792363      0.4391651219
   4       2.5656271395      0.5677040858
 D 1 
   1       0.8198177307      1.0000000000
 D 1 
   1       0.2460000000      1.0000000000
  end;

 # Basis set for element : As
 NewGTO As
 S 6 
   1  100146.5255400000      0.0017168150
   2   15036.8617110000      0.0131607735
   3    3421.2902833000      0.0653743610
   4     966.1696571700      0.2284865719
   5     314.8739402600      0.4668831679
   6     108.7082379000      0.3660732340
 S 3 
   1     209.5423895000     -0.1101752723
   2      25.0382211390      0.6385967026
   3      10.3909643430      0.4365084221
 S 3 
   1      18.5550900930     -0.2177574701
   2       3.1281217449      0.6943398742
   3       1.3884885073      0.4312086246
 S 1 
   1       0.2471436214      1.0000000000
 S 1 
   1       0.0914294287      1.0000000000
 P 5 
   1    1355.6443507000      0.0084468717
   2     319.9992927000      0.0638893928
   3     101.6773409200      0.2534536964
   4      36.8863238450      0.5093443983
   5      13.8611159090      0.3409016315
 P 3 
   1       7.4260666912      0.3195106747
   2       3.0316247187      0.5353533503
   3       1.2783078340      0.2497574098
 P 1 
   1       0.3756850336      1.0000000000
 P 1 
   1       0.1139480545      1.0000000000
 D 4 
   1      84.4455145390      0.0289589411
   2      24.1904161020      0.1666246183
   3       8.4045015119      0.4355371739
   4       2.9808970748      0.5717703771
 D 1 
   1       0.9790924336      1.0000000000
 D 1 
   1       0.2930000000      1.0000000000
  end;

 # Basis set for element : Se
 NewGTO Se
 S 6 
   1  106612.2002700000      0.0017112546
   2   16007.6047010000      0.0131189514
   3    3642.1699707000      0.0651830292
   4    1028.5912993000      0.2279863528
   5     335.3029888800      0.4664840959
   6     115.8012915400      0.3670709443
 S 3 
   1     222.9332502000     -0.1104629233
   2      26.7262579340      0.6387027015
   3      11.1245019230      0.4363944867
 S 3 
   1      19.8885200610     -0.2180604892
   2       3.3668473803      0.7020697402
   3       1.5249277839      0.4229150232
 S 1 
   1       0.2963003791      1.0000000000
 S 1 
   1       0.1100928897      1.0000000000
 P 5 
   1    1455.9068120000      0.0083361609
   2     343.7510183100      0.0632046628
   3     109.2955496400      0.2517812787
   4      39.7077110220      0.5087962835
   5      14.9501852320      0.3431039196
 P 3 
   1       8.0208962094      0.3217079410
   2       3.2934649756      0.5393344062
   3       1.4058602438      0.2406635898
 P 1 
   1       0.4507612323      1.0000000000
 P 1 
   1       0.1335341332      1.0000000000
 D 4 
   1      94.4940240440      0.0277152834
   2      27.1881852600      0.1622055143
   3       9.5091567352      0.4324217967
   4       3.4170516853      0.5751986741
 D 1 
   1       1.1479590083      1.0000000000
 D 1 
   1       0.3380000000      1.0000000000
  end;

 # Basis set for element : Br
 NewGTO Br
 S 6 
   1  113286.3877600000      0.0017059196
   2   17009.6263030000      0.0130788223
   3    3870.1842567000      0.0649986793
   4    1093.0357227000      0.2275020107
   5     356.3972179700      0.4660976331
   6     123.1253964300      0.3680375540
 S 3 
   1     236.7408400700     -0.1107326939
   2      28.4686610700      0.6388292533
   3      11.8834437220      0.4362572006
 S 3 
   1      21.2696333120     -0.2185898777
   2       3.6129226841      0.7126890487
   3       1.6626648969      0.4120671387
 S 1 
   1       0.3482379323      1.0000000000
 S 1 
   1       0.1301903139      1.0000000000
 P 5 
   1    1560.2801881000      0.0082285346
   2     368.4785920500      0.0625340018
   3     117.2297884900      0.2501185945
   4      42.6489092480      0.5082417418
   5      16.0872250960      0.3453094664
 P 3 
   1       8.6352810058      0.3243461531
   2       3.5613665502      0.5445484413
   3       1.5292626609      0.2304160339
 P 1 
   1       0.5306429485      1.0000000000
 P 1 
   1       0.1570275896      1.0000000000
 D 4 
   1     104.8551864200      0.0266922510
   2      30.2811436880      0.1585672386
   3      10.6513942670      0.4298361819
   4       3.8699456233      0.5779699329
 D 1 
   1       1.3240876762      1.0000000000
 D 1 
   1       0.3890000000      1.0000000000
  end;

 # Basis set for element : Kr
 NewGTO Kr
 S 6 
   1  120165.6487500000      0.0017008560
   2   18042.5001690000      0.0130407100
   3    4105.1800388000      0.0648247635
   4    1159.4447248000      0.2270456713
   5     378.1381034600      0.4657280783
   6     130.6761004500      0.3689531797
 S 3 
   1     250.9637335300     -0.1109867237
   2      30.2659303800      0.6389558843
   3      12.6681107570      0.4361179395
 S 3 
   1      22.6979401010     -0.2192702033
   2       3.8673017398      0.7252315861
   3       1.8013706671      0.3995641526
 S 1 
   1       0.4030863914      1.0000000000
 S 1 
   1       0.1517052775      1.0000000000
 P 5 
   1    1668.5736623000      0.0081257313
   2     394.1386279800      0.0618894856
   3     125.4664485400      0.2485039629
   4      45.7049927290      0.5077005929
   5      17.2701332290      0.3474527740
 P 3 
   1       9.2699487770      0.3271751433
   2       3.8364617719      0.5504465844
   3       1.6467163312      0.2198138403
 P 1 
   1       0.6147968649      1.0000000000
 P 1 
   1       0.1831946741      1.0000000000
 D 4 
   1     115.5586860300      0.0258299149
   2      33.4779858640      0.1554964496
   3      11.8344502070      0.4276443266
   4       4.3408254894      0.5802684710
 D 1 
   1       1.5079273157      1.0000000000
 D 1 
   1       0.4430000000      1.0000000000
  end;
