 # Basis set for element : H 
 NewGTO H 
 S 3 
   1      33.8700000000      0.0254948632
   2       5.0950000000      0.1903627659
   3       1.1590000000      0.8521620222
 S 1 
   1       0.3258000000      1.0000000000
 S 1 
   1       0.1027000000      1.0000000000
 P 1 
   1       1.4070000000      1.0000000000
 P 1 
   1       0.3880000000      1.0000000000
 D 1 
   1       1.0570000000      1.0000000000
  end;

 # Basis set for element : C 
 NewGTO C 
 S 8 
   1    8236.0000000000      0.0005424302
   2    1235.0000000000      0.0041964279
   3     280.8000000000      0.0215409141
   4      79.2700000000      0.0836149496
   5      25.5900000000      0.2398716189
   6       8.9970000000      0.4437518201
   7       3.3190000000      0.3535796965
   8       0.3643000000     -0.0091763661
 S 8 
   1    8236.0000000000     -0.0001963922
   2    1235.0000000000     -0.0015259503
   3     280.8000000000     -0.0078904490
   4      79.2700000000     -0.0315148705
   5      25.5900000000     -0.0969100083
   6       8.9970000000     -0.2205415263
   7       3.3190000000     -0.2960691129
   8       0.3643000000      1.0405034329
 S 1 
   1       0.9059000000      1.0000000000
 S 1 
   1       0.1285000000      1.0000000000
 P 3 
   1      18.7100000000      0.0394263872
   2       4.1330000000      0.2440889849
   3       1.2000000000      0.8154920089
 P 1 
   1       0.3827000000      1.0000000000
 P 1 
   1       0.1209000000      1.0000000000
 D 1 
   1       1.0970000000      1.0000000000
 D 1 
   1       0.3180000000      1.0000000000
 F 1 
   1       0.7610000000      1.0000000000
  end;
